日期,股票代码,开盘,收盘,最高,最低,成交量,成交额,振幅,涨跌幅,涨跌额,换手率
2021-03-30,300406,18.51,18.11,18.56,17.36,77111,149133447.0,6.51,-1.79,-0.33,2.34
2021-03-31,300406,17.93,18.02,18.21,17.76,29533,57212656.0,2.48,-0.5,-0.09,0.9
2021-04-01,300406,18.16,17.76,18.18,17.62,30841,59309410.0,3.11,-1.44,-0.26,0.94
2021-04-02,300406,17.74,17.52,17.85,17.39,47848,90377454.0,2.59,-1.35,-0.24,1.45
2021-04-06,300406,17.51,17.83,18.19,17.49,30449,58612524.0,4.0,1.77,0.31,0.92
2021-04-07,300406,17.83,17.96,18.0,17.62,21642,41538018.0,2.13,0.73,0.13,0.66
2021-04-08,300406,17.96,18.11,18.13,17.83,22315,43312926.0,1.67,0.84,0.15,0.68
2021-04-09,300406,18.29,18.09,18.3,17.85,19950,38743550.0,2.48,-0.11,-0.02,0.6
2021-04-12,300406,18.02,17.43,18.05,17.36,26038,49549367.0,3.81,-3.65,-0.66,0.79
2021-04-13,300406,17.5,16.68,17.6,16.41,49457,89991057.0,6.83,-4.3,-0.75,1.5
2021-04-14,300406,16.61,16.71,16.78,16.18,42436,75767740.0,3.6,0.18,0.03,1.29
2021-04-15,300406,16.65,17.22,17.26,16.38,32785,59826374.0,5.27,3.05,0.51,0.99
2021-04-16,300406,17.34,17.49,17.49,16.67,36549,67589463.0,4.76,1.57,0.27,1.11
2021-04-19,300406,17.32,17.41,17.47,17.0,26115,48731677.0,2.69,-0.46,-0.08,0.79
2021-04-20,300406,17.34,17.49,18.03,17.22,28307,53883110.0,4.65,0.46,0.08,0.86
2021-04-21,300406,17.35,17.0,17.61,16.99,26088,48434590.0,3.54,-2.8,-0.49,0.79
2021-04-22,300406,17.13,17.69,17.87,16.91,42517,80377313.0,5.65,4.06,0.69,1.29
2021-04-23,300406,17.69,17.7,17.86,17.39,20779,39479885.0,2.66,0.06,0.01,0.63
2021-04-26,300406,17.6,17.86,18.04,17.54,31661,60914717.0,2.82,0.9,0.16,0.96
2021-04-27,300406,17.88,17.81,17.96,17.46,19410,37099762.0,2.8,-0.28,-0.05,0.59
2021-04-28,300406,17.56,18.12,18.14,17.53,31150,59621341.0,3.43,1.74,0.31,0.94
2021-04-29,300406,18.14,18.54,18.79,18.02,66455,132342481.0,4.25,2.32,0.42,2.02
2021-04-30,300406,18.57,19.0,19.15,18.41,52771,106729095.0,3.99,2.48,0.46,1.6
2021-05-06,300406,19.01,18.37,19.09,18.13,43513,86761552.0,5.05,-3.32,-0.63,1.32
2021-05-07,300406,18.4,18.06,18.5,17.71,23285,44999227.0,4.3,-1.69,-0.31,0.71
2021-05-10,300406,17.98,18.61,18.78,17.71,44395,88100318.0,5.92,3.05,0.55,1.35
2021-05-11,300406,19.27,18.61,19.49,18.16,59301,120365472.0,7.15,0.0,0.0,1.8
2021-05-12,300406,18.42,18.21,18.42,17.8,42768,83290511.0,3.33,-2.15,-0.4,1.3
2021-05-13,300406,18.21,18.36,18.67,18.06,32414,64290747.0,3.35,0.82,0.15,0.98
2021-05-14,300406,18.56,18.43,18.85,18.33,56632,113136055.0,2.83,0.38,0.07,1.72
2021-05-17,300406,18.51,18.11,18.51,18.02,46593,91247324.0,2.66,-1.74,-0.32,1.39
2021-05-18,300406,18.22,18.07,18.27,17.86,32257,62630826.0,2.26,-0.22,-0.04,0.97
2021-05-19,300406,18.11,17.99,18.54,17.88,34459,67526397.0,3.65,-0.44,-0.08,1.03
2021-05-20,300406,17.82,18.24,18.35,17.76,25792,50232556.0,3.28,1.39,0.25,0.77
2021-05-21,300406,18.24,17.91,18.29,17.53,41107,78948273.0,4.17,-1.81,-0.33,1.23
2021-05-24,300406,17.86,17.79,17.92,17.44,21190,40393150.0,2.68,-0.67,-0.12,0.63
2021-05-25,300406,17.59,17.67,17.94,17.54,21082,40221482.0,2.25,-0.67,-0.12,0.63
2021-05-26,300406,17.68,18.03,18.16,17.57,37415,72042128.0,3.34,2.04,0.36,1.12
2021-05-27,300406,18.29,18.46,18.81,18.16,60634,119953827.0,3.61,2.38,0.43,1.82
2021-05-28,300406,18.61,18.32,18.66,18.2,30482,60116044.0,2.49,-0.76,-0.14,0.91
2021-05-31,300406,18.51,18.4,18.51,18.16,29399,57742981.0,1.91,0.44,0.08,0.88
2021-06-01,300406,18.47,18.76,18.91,18.29,50038,99844509.0,3.37,1.96,0.36,1.5
2021-06-02,300406,18.94,18.05,18.94,18.04,44468,87338654.0,4.8,-3.78,-0.71,1.33
2021-06-03,300406,18.24,18.0,18.31,17.99,32058,62286069.0,1.77,-0.28,-0.05,0.96
2021-06-04,300406,18.1,17.83,18.26,17.77,23311,44731570.0,2.72,-0.94,-0.17,0.7
2021-06-07,300406,17.85,17.94,18.2,17.8,26044,50321076.0,2.24,0.62,0.11,0.78
2021-06-08,300406,18.0,17.87,18.11,17.75,19389,37112029.0,2.01,-0.39,-0.07,0.58
2021-06-09,300406,17.92,17.75,17.98,17.73,27511,52623649.0,1.4,-0.67,-0.12,0.82
2021-06-10,300406,17.79,17.66,17.85,17.39,33772,63722707.0,2.59,-0.51,-0.09,1.01
2021-06-11,300406,17.81,17.36,17.81,17.15,35467,65836587.0,3.74,-1.7,-0.3,1.06
2021-06-15,300406,17.31,17.11,17.56,16.91,29788,54833228.0,3.74,-1.44,-0.25,0.89
2021-06-16,300406,16.88,16.67,17.17,16.39,33040,59342403.0,4.56,-2.57,-0.44,0.99
2021-06-17,300406,16.76,16.86,17.01,16.55,22277,40372197.0,2.76,1.14,0.19,0.67
2021-06-18,300406,17.09,17.04,17.16,16.62,25506,46225271.0,3.2,1.07,0.18,0.76
2021-06-21,300406,16.89,17.28,17.3,16.71,28346,52211907.0,3.46,1.41,0.24,0.85
2021-06-22,300406,17.31,17.22,17.39,17.17,21623,40116050.0,1.27,-0.35,-0.06,0.65
2021-06-23,300406,17.14,17.37,17.49,16.97,28727,53443632.0,3.02,0.87,0.15,0.86
2021-06-24,300406,17.29,17.23,17.5,17.12,16608,30800244.0,2.19,-0.81,-0.14,0.5
2021-06-25,300406,17.41,17.21,17.44,17.04,20359,37761677.0,2.32,-0.12,-0.02,0.61
2021-06-28,300406,17.2,18.26,18.54,17.0,75927,144545904.0,8.95,6.1,1.05,2.28
2021-06-29,300406,18.27,18.56,18.63,18.02,59706,117194317.0,3.34,1.64,0.3,1.79
2021-06-30,300406,18.56,18.44,18.68,18.06,43999,86594361.0,3.34,-0.65,-0.12,1.32
2021-07-01,300406,18.41,18.61,19.2,18.33,46804,94262286.0,4.72,0.92,0.17,1.41
2021-07-02,300406,18.56,18.83,18.94,18.51,30090,60246252.0,2.31,1.18,0.22,0.9
2021-07-05,300406,18.84,19.32,19.69,18.71,48590,99654182.0,5.2,2.6,0.49,1.46
2021-07-06,300406,19.28,18.95,19.57,18.83,43412,88612329.0,3.83,-1.92,-0.37,1.3
2021-07-07,300406,18.98,18.88,19.3,18.76,41219,83592041.0,2.85,-0.37,-0.07,1.24
2021-07-08,300406,19.17,19.21,19.27,18.66,45582,92370927.0,3.23,1.75,0.33,1.37
2021-07-09,300406,19.23,19.33,19.39,18.97,48065,98528488.0,2.19,0.62,0.12,1.44
2021-07-12,300406,19.51,19.51,20.08,19.17,79306,165671783.0,4.71,0.93,0.18,2.38
2021-07-13,300406,19.73,20.15,20.21,19.49,56935,121242945.0,3.69,3.28,0.64,1.71
2021-07-14,300406,20.06,20.05,20.2,19.76,40688,86375441.0,2.18,-0.5,-0.1,1.22
2021-07-15,300406,20.38,19.36,20.38,18.63,82047,168962286.0,8.73,-3.44,-0.69,2.46
2021-07-16,300406,19.48,18.93,19.48,18.72,50889,103070327.0,3.93,-2.22,-0.43,1.53
2021-07-19,300406,18.99,19.15,19.41,18.44,52035,105212082.0,5.12,1.16,0.22,1.56
2021-07-20,300406,19.0,19.26,19.36,18.88,38655,79027778.0,2.51,0.57,0.11,1.16
2021-07-21,300406,19.39,18.88,19.6,18.7,54846,111510043.0,4.67,-1.97,-0.38,1.65
2021-07-22,300406,18.9,18.5,18.97,18.3,43428,85941017.0,3.55,-2.01,-0.38,1.3
2021-07-23,300406,18.51,17.91,18.65,17.46,49632,95192595.0,6.43,-3.19,-0.59,1.49
2021-07-26,300406,17.9,17.15,17.9,17.01,42046,78247666.0,4.97,-4.24,-0.76,1.26
2021-07-27,300406,17.19,16.71,17.24,16.61,34773,63329504.0,3.67,-2.57,-0.44,1.04
2021-07-28,300406,16.36,16.71,16.76,15.71,41472,73268370.0,6.28,0.0,0.0,1.25
2021-07-29,300406,16.71,16.57,16.95,16.46,29688,53257415.0,2.93,-0.84,-0.14,0.89
2021-07-30,300406,16.81,17.63,17.86,16.51,72970,136628759.0,8.15,6.4,1.06,2.19
2021-08-02,300406,17.99,17.23,18.0,16.89,64132,118696909.0,6.3,-2.27,-0.4,1.93
2021-08-03,300406,17.1,17.46,17.88,17.05,74377,140120582.0,4.82,1.33,0.23,2.23
2021-08-04,300406,17.57,17.12,17.57,16.87,53606,98451309.0,4.01,-1.95,-0.34,1.61
2021-08-05,300406,16.96,17.01,17.32,16.85,34423,63065163.0,2.75,-0.64,-0.11,1.03
2021-08-06,300406,16.87,16.69,16.94,16.32,35858,64123255.0,3.64,-1.88,-0.32,1.08
2021-08-09,300406,16.51,16.55,16.65,16.34,31905,56723941.0,1.86,-0.84,-0.14,0.96
2021-08-10,300406,16.54,16.83,16.89,16.53,30972,55895958.0,2.18,1.69,0.28,0.93
2021-08-11,300406,16.94,16.62,16.95,16.53,29448,52805596.0,2.5,-1.25,-0.21,0.88
2021-08-12,300406,16.55,16.39,16.69,16.38,25871,45998493.0,1.87,-1.38,-0.23,0.78
2021-08-13,300406,16.51,16.44,16.53,16.19,28063,49478285.0,2.07,0.31,0.05,0.84
2021-08-16,300406,16.37,16.41,16.56,16.25,20308,35941519.0,1.89,-0.18,-0.03,0.61
2021-08-17,300406,16.42,15.88,16.42,15.8,38181,66027453.0,3.78,-3.23,-0.53,1.15
2021-08-18,300406,15.82,15.87,15.97,15.74,20732,35500848.0,1.45,-0.06,-0.01,0.62
2021-08-19,300406,15.79,16.16,16.28,15.79,24025,41678806.0,3.09,1.83,0.29,0.72
2021-08-20,300406,16.02,15.75,16.11,15.48,45734,77705662.0,3.9,-2.54,-0.41,1.37
2021-08-23,300406,15.71,15.59,15.76,15.51,34166,57693580.0,1.59,-1.02,-0.16,1.03
2021-08-24,300406,15.61,15.51,15.69,15.43,36108,60761691.0,1.67,-0.51,-0.08,1.08
2021-08-25,300406,15.64,16.02,16.05,15.44,42883,73467773.0,3.93,3.29,0.51,1.29
2021-08-26,300406,16.06,16.18,16.35,15.78,42818,74242012.0,3.56,1.0,0.16,1.29
2021-08-27,300406,16.01,15.77,16.25,15.73,38194,65734679.0,3.21,-2.53,-0.41,1.15
2021-08-30,300406,15.91,15.46,15.91,15.45,38144,64320962.0,2.92,-1.97,-0.31,1.15
2021-08-31,300406,15.49,15.74,15.78,15.43,26967,45588357.0,2.26,1.81,0.28,0.81
2021-09-01,300406,15.63,15.79,15.86,15.48,30446,51713137.0,2.41,0.32,0.05,0.91
2021-09-02,300406,15.73,15.76,15.96,15.69,28564,48859167.0,1.71,-0.19,-0.03,0.86
2021-09-03,300406,15.84,16.02,16.07,15.73,27479,47276217.0,2.16,1.65,0.26,0.83
2021-09-06,300406,16.19,16.62,16.79,15.94,69397,122662461.0,5.31,3.75,0.6,2.08
2021-09-07,300406,16.76,16.35,16.76,16.21,47599,84213000.0,3.31,-1.62,-0.27,1.43
2021-09-08,300406,16.41,16.36,16.59,16.22,37104,65650241.0,2.26,0.06,0.01,1.11
2021-09-09,300406,16.31,16.63,17.07,16.14,56765,102438747.0,5.68,1.65,0.27,1.7
2021-09-10,300406,16.61,16.29,16.7,16.22,37546,66230165.0,2.89,-2.04,-0.34,1.13
2021-09-13,300406,16.32,16.35,16.56,16.21,30740,54334298.0,2.15,0.37,0.06,0.92
2021-09-14,300406,16.35,16.35,16.71,16.26,32959,58514888.0,2.75,0.0,0.0,0.99
2021-09-15,300406,16.36,15.77,16.37,15.61,42793,73243691.0,4.65,-3.55,-0.58,1.28
2021-09-16,300406,15.81,15.51,15.81,15.5,29512,49958278.0,1.97,-1.65,-0.26,0.89
2021-09-17,300406,15.47,15.75,15.93,15.38,39750,67373380.0,3.55,1.55,0.24,1.19
2021-09-22,300406,15.51,15.96,16.06,15.42,25624,44066021.0,4.06,1.33,0.21,0.77
2021-09-23,300406,15.96,15.71,16.05,15.62,28160,48126993.0,2.69,-1.57,-0.25,0.85
2021-09-24,300406,15.76,15.52,15.87,15.26,39569,66595367.0,3.88,-1.21,-0.19,1.19
2021-09-27,300406,15.52,15.33,15.56,15.13,29152,48341421.0,2.77,-1.22,-0.19,0.88
2021-09-28,300406,15.22,15.32,15.4,15.07,16547,27418081.0,2.15,-0.07,-0.01,0.5
2021-09-29,300406,15.32,14.72,15.32,14.71,32894,53092666.0,3.98,-3.92,-0.6,0.99
2021-09-30,300406,14.88,15.1,15.15,14.74,20969,34149644.0,2.79,2.58,0.38,0.63
2021-10-08,300406,15.2,15.59,15.69,15.1,32440,54168082.0,3.91,3.25,0.49,0.97
2021-10-11,300406,15.69,15.86,15.96,15.55,27470,46933841.0,2.63,1.73,0.27,0.82
2021-10-12,300406,15.61,15.69,15.91,15.53,19295,32831126.0,2.4,-1.07,-0.17,0.58
2021-10-13,300406,15.78,15.76,15.9,15.5,15304,25934365.0,2.55,0.45,0.07,0.46
2021-10-14,300406,15.76,15.82,15.99,15.72,19691,33833888.0,1.71,0.38,0.06,0.59
2021-10-15,300406,15.66,16.15,16.28,15.56,33561,58113241.0,4.55,2.09,0.33,1.01
2021-10-18,300406,16.15,15.83,16.15,15.76,20425,35083220.0,2.41,-1.98,-0.32,0.61
2021-10-19,300406,15.69,15.44,15.83,15.42,23424,39405561.0,2.59,-2.46,-0.39,0.7
2021-10-20,300406,15.61,15.07,15.61,14.89,26265,43017526.0,4.66,-2.4,-0.37,0.79
2021-10-21,300406,15.07,15.13,15.2,14.89,18512,30317277.0,2.06,0.4,0.06,0.56
2021-10-22,300406,15.2,14.9,15.21,14.79,20116,32588863.0,2.78,-1.52,-0.23,0.6
2021-10-25,300406,14.91,15.14,15.29,14.81,24369,39881164.0,3.22,1.61,0.24,0.73
2021-10-26,300406,15.07,15.18,15.29,14.93,22039,36176103.0,2.38,0.26,0.04,0.66
2021-10-27,300406,15.24,15.08,15.24,14.93,12654,20656854.0,2.04,-0.66,-0.1,0.38
2021-10-28,300406,14.92,14.19,15.09,14.1,35612,55726778.0,6.56,-5.9,-0.89,1.07
2021-10-29,300406,14.21,13.94,14.31,13.81,33433,51136111.0,3.52,-1.76,-0.25,1.0
2021-11-01,300406,14.08,13.67,14.08,13.62,46526,69965840.0,3.3,-1.94,-0.27,1.4
2021-11-02,300406,13.75,13.28,13.83,13.08,50739,74797534.0,5.49,-2.85,-0.39,1.52
2021-11-03,300406,13.28,13.61,13.82,13.17,38685,57545311.0,4.89,2.48,0.33,1.16
2021-11-04,300406,13.79,13.71,13.91,13.51,46137,69212279.0,2.94,0.73,0.1,1.39
2021-11-05,300406,13.8,13.63,13.84,13.49,31746,47470706.0,2.55,-0.58,-0.08,0.95
2021-11-08,300406,13.63,13.42,13.65,13.37,24609,36321507.0,2.05,-1.54,-0.21,0.74
2021-11-09,300406,13.43,13.4,13.68,13.31,31421,46186159.0,2.76,-0.15,-0.02,0.94
2021-11-10,300406,13.41,13.74,13.77,13.3,31289,46372128.0,3.51,2.54,0.34,0.94
2021-11-11,300406,13.72,13.66,13.78,13.56,25725,38419266.0,1.6,-0.58,-0.08,0.77
2021-11-12,300406,13.6,13.71,13.72,13.54,26754,39922833.0,1.32,0.37,0.05,0.8
2021-11-15,300406,13.71,13.93,14.06,13.69,32452,49283642.0,2.7,1.6,0.22,0.97
2021-11-16,300406,13.89,13.91,14.05,13.81,28952,44001618.0,1.72,-0.14,-0.02,0.87
2021-11-17,300406,13.86,14.03,14.1,13.81,33967,51827140.0,2.08,0.86,0.12,1.02
2021-11-18,300406,13.91,13.88,14.15,13.87,29684,45415982.0,2.0,-1.07,-0.15,0.89
2021-11-19,300406,13.85,13.91,13.95,13.76,19841,30063135.0,1.37,0.22,0.03,0.6
2021-11-22,300406,13.91,13.85,14.02,13.69,29029,43904006.0,2.37,-0.43,-0.06,0.87
2021-11-23,300406,13.85,14.16,14.17,13.73,40573,62048167.0,3.18,2.24,0.31,1.22
2021-11-24,300406,14.29,14.01,14.29,13.83,40209,61290502.0,3.25,-1.06,-0.15,1.21
2021-11-25,300406,14.1,14.4,14.58,13.91,61635,95932304.0,4.78,2.78,0.39,1.85
2021-11-26,300406,14.53,14.1,14.63,13.99,44147,68262765.0,4.44,-2.08,-0.3,1.33
2021-11-29,300406,14.51,14.37,14.84,14.1,71494,112069271.0,5.25,1.91,0.27,2.15
2021-11-30,300406,14.16,14.51,14.59,14.07,69018,107613905.0,3.62,0.97,0.14,2.07
2021-12-01,300406,14.48,14.79,15.01,14.24,82245,131234346.0,5.31,1.93,0.28,2.47
2021-12-02,300406,15.18,18.01,18.01,15.1,219085,411126016.0,19.68,21.77,3.22,6.58
2021-12-03,300406,18.51,17.36,20.6,16.96,487705,977108624.0,20.21,-3.61,-0.65,14.64
2021-12-06,300406,16.31,15.48,16.36,15.48,269282,461126288.0,5.07,-10.83,-1.88,8.09
2021-12-07,300406,15.48,15.99,16.18,15.19,193997,331161728.0,6.4,3.29,0.51,5.82
2021-12-08,300406,15.63,15.65,15.87,15.37,147957,249119063.0,3.13,-2.13,-0.34,4.44
2021-12-09,300406,15.56,15.36,15.66,15.31,138250,230831248.0,2.24,-1.85,-0.29,4.15
2021-12-10,300406,15.11,15.31,15.47,15.11,97546,161764055.0,2.34,-0.33,-0.05,2.93
2021-12-13,300406,15.32,15.33,15.48,15.22,88235,146723305.0,1.7,0.13,0.02,2.65
2021-12-14,300406,15.38,16.16,16.2,15.38,195794,335772768.0,5.35,5.41,0.83,5.88
2021-12-15,300406,15.91,15.66,16.04,15.61,128386,218701878.0,2.66,-3.09,-0.5,3.85
2021-12-16,300406,15.49,15.52,15.81,15.4,84697,142469166.0,2.62,-0.89,-0.14,2.54
2021-12-17,300406,15.49,15.63,15.86,15.16,118405,198861750.0,4.51,0.71,0.11,3.56
2021-12-20,300406,15.69,16.22,17.09,15.69,188794,332273280.0,8.96,3.77,0.59,5.67
2021-12-21,300406,15.89,16.02,16.31,15.59,127866,220136449.0,4.44,-1.23,-0.2,3.84
2021-12-22,300406,16.02,16.63,16.93,15.89,161649,285411776.0,6.49,3.81,0.61,4.85
2021-12-23,300406,16.55,16.13,16.55,16.01,104957,183414803.0,3.25,-3.01,-0.5,3.15
2021-12-24,300406,16.04,16.59,16.99,15.87,156241,279128928.0,6.94,2.85,0.46,4.69
2021-12-27,300406,16.6,16.76,16.86,16.21,97966,175000200.0,3.92,1.02,0.17,2.94
2021-12-28,300406,16.63,16.42,16.64,16.06,91438,161320326.0,3.46,-2.03,-0.34,2.75
2021-12-29,300406,16.42,16.96,17.3,16.16,149214,270252272.0,6.94,3.29,0.54,4.48
2021-12-30,300406,17.5,17.1,17.5,16.77,155680,286608880.0,4.3,0.83,0.14,4.67
2021-12-31,300406,16.91,18.53,20.78,16.57,332027,664494720.0,24.62,8.36,1.43,9.98
2022-01-04,300406,17.95,18.75,19.53,17.93,230721,464495440.0,8.63,1.19,0.22,6.93
2022-01-05,300406,18.4,17.63,18.51,17.32,174950,333349520.0,6.35,-5.97,-1.12,5.26
2022-01-06,300406,17.6,17.81,18.11,17.47,106601,203495131.0,3.63,1.02,0.18,3.2
2022-01-07,300406,17.91,19.28,20.65,17.54,293202,596516704.0,17.46,8.25,1.47,8.81
2022-01-10,300406,19.94,20.04,22.41,19.59,400640,879660672.0,14.63,3.94,0.76,12.04
2022-01-11,300406,19.68,20.97,21.71,19.19,360720,787967712.0,12.57,4.64,0.93,10.84
2022-01-12,300406,20.96,22.79,23.21,20.04,439024,1031047952.0,15.12,8.68,1.82,13.19
2022-01-13,300406,21.73,22.01,23.16,21.33,386687,910756896.0,8.03,-3.42,-0.78,11.62
2022-01-14,300406,22.28,23.95,24.3,22.16,470222,1153534672.0,9.72,8.81,1.94,14.13
2022-01-17,300406,24.28,21.29,24.28,21.26,449927,1064055680.0,12.61,-11.11,-2.66,13.52
2022-01-18,300406,20.71,19.21,20.72,18.81,331246,687952352.0,8.97,-9.77,-2.08,9.95
2022-01-19,300406,18.92,20.04,20.48,18.88,244765,512375408.0,8.33,4.32,0.83,7.35
2022-01-20,300406,19.95,19.09,20.88,19.06,226991,483710464.0,9.08,-4.74,-0.95,6.82
2022-01-21,300406,18.69,17.89,19.21,17.51,231180,448847152.0,8.91,-6.29,-1.2,6.95
2022-01-24,300406,17.51,17.49,17.83,17.27,119823,224996326.0,3.13,-2.24,-0.4,3.6
2022-01-25,300406,17.22,16.43,17.86,16.41,151846,276824256.0,8.29,-6.06,-1.06,4.56
2022-01-26,300406,16.61,16.64,16.84,16.23,92216,164803413.0,3.71,1.28,0.21,2.77
2022-01-27,300406,16.82,16.04,17.04,15.97,113272,200286399.0,6.43,-3.61,-0.6,3.4
2022-01-28,300406,16.27,16.07,16.51,15.97,78907,138181731.0,3.37,0.19,0.03,2.37
2022-02-07,300406,16.43,16.02,16.5,15.72,74319,129139101.0,4.85,-0.31,-0.05,2.23
2022-02-08,300406,16.17,16.11,16.21,15.61,78907,135978182.0,3.75,0.56,0.09,2.37
2022-02-09,300406,15.88,16.14,16.33,15.43,119321,205611612.0,5.59,0.19,0.03,3.58
2022-02-10,300406,16.07,15.81,16.36,15.77,106722,185105656.0,3.66,-2.04,-0.33,3.21
2022-02-11,300406,15.59,14.99,15.81,14.93,116230,191872173.0,5.57,-5.19,-0.82,3.49
2022-02-14,300406,14.82,15.11,15.41,14.69,67928,111895571.0,4.8,0.8,0.12,2.04
2022-02-15,300406,15.12,15.11,15.24,14.79,66028,107669073.0,2.98,0.0,0.0,1.98
2022-02-16,300406,15.26,15.27,15.45,14.96,70048,115623342.0,3.24,1.06,0.16,2.1
2022-02-17,300406,15.17,15.01,15.34,14.97,75346,123862543.0,2.42,-1.7,-0.26,2.26
2022-02-18,300406,15.01,15.5,15.65,14.91,108220,180777627.0,4.93,3.26,0.49,3.25
2022-02-21,300406,15.59,15.82,15.84,15.31,91780,154904205.0,3.42,2.06,0.32,2.76
2022-02-22,300406,15.57,15.15,15.59,15.08,83326,137557539.0,3.22,-4.24,-0.67,2.5
2022-02-23,300406,15.15,15.4,15.55,15.1,60858,101572618.0,2.97,1.65,0.25,1.83
2022-02-24,300406,15.37,14.88,15.67,14.54,112125,183971599.0,7.34,-3.38,-0.52,3.37
2022-02-25,300406,15.03,15.51,15.62,15.03,97380,162253844.0,3.97,4.23,0.63,2.93
2022-02-28,300406,15.8,17.59,18.16,15.37,269719,481112912.0,17.99,13.41,2.08,8.1
2022-03-01,300406,17.15,16.68,17.31,16.41,175599,317510464.0,5.12,-5.17,-0.91,5.28
2022-03-02,300406,16.51,16.94,17.32,16.34,144709,263046774.0,5.88,1.56,0.26,4.35
2022-03-03,300406,17.03,17.57,17.81,16.71,160304,298224576.0,6.49,3.72,0.63,4.82
2022-03-04,300406,17.4,16.81,18.16,16.81,160557,300373008.0,7.68,-4.33,-0.76,4.82
2022-03-07,300406,16.81,17.33,17.37,16.36,129003,233779513.0,6.01,3.09,0.52,3.87
2022-03-08,300406,17.27,15.92,17.28,15.84,120958,214067123.0,8.31,-8.14,-1.41,3.63
2022-03-09,300406,15.92,15.39,16.14,14.59,92170,153280701.0,9.74,-3.33,-0.53,2.77
2022-03-10,300406,15.68,17.61,18.08,15.68,253505,463517648.0,15.59,14.42,2.22,7.61
2022-03-11,300406,17.91,19.13,19.8,17.27,380980,753523088.0,14.37,8.63,1.52,11.43
2022-03-14,300406,19.71,18.66,20.11,18.21,339234,694588512.0,9.93,-2.46,-0.47,10.18
2022-03-15,300406,18.14,17.82,18.93,17.61,212977,413934400.0,7.07,-4.5,-0.84,6.39
2022-03-16,300406,18.39,17.13,18.48,16.09,223727,408338000.0,13.41,-3.87,-0.69,6.71
2022-03-17,300406,16.84,17.21,17.9,16.77,191602,358750048.0,6.6,0.47,0.08,5.75
2022-03-18,300406,17.26,17.58,17.79,16.99,172947,325323024.0,4.65,2.15,0.37,5.19
2022-03-21,300406,17.87,17.57,18.15,17.11,159128,301077936.0,5.92,-0.06,-0.01,4.78
2022-03-22,300406,17.34,16.54,17.48,16.52,138043,249032976.0,5.46,-5.86,-1.03,4.14
2022-03-23,300406,16.55,16.79,16.81,16.35,107154,191559241.0,2.78,1.51,0.25,3.22
2022-03-24,300406,16.61,16.72,17.02,16.26,119829,215913779.0,4.53,-0.42,-0.07,3.6
2022-03-25,300406,16.96,16.27,16.96,16.26,88533,158023649.0,4.19,-2.69,-0.45,2.66
2022-03-28,300406,16.43,16.74,16.98,16.31,93427,167626660.0,4.12,2.89,0.47,2.8
2022-03-29,300406,16.96,17.21,17.31,16.51,136747,251854584.0,4.78,2.81,0.47,4.1
2022-03-30,300406,17.06,16.96,17.19,16.54,105962,191927248.0,3.78,-1.45,-0.25,3.18
2022-03-31,300406,17.21,16.97,17.69,16.83,136853,254752985.0,5.07,0.06,0.01,4.11
2022-04-01,300406,16.53,15.92,16.53,15.79,129131,224968156.0,4.36,-6.19,-1.05,3.88
2022-04-06,300406,16.0,16.59,17.11,15.91,119857,213088611.0,7.54,4.21,0.67,3.6
2022-04-07,300406,16.82,17.5,18.12,16.73,250601,472173344.0,8.38,5.49,0.91,7.52
2022-04-08,300406,17.22,16.55,17.29,16.23,141185,252595794.0,6.06,-5.43,-0.95,4.24
2022-04-11,300406,16.42,16.23,16.55,15.95,71716,125383675.0,3.63,-1.93,-0.32,2.15
2022-04-12,300406,16.72,16.46,16.81,16.12,64843,114682837.0,4.25,1.42,0.23,1.95
2022-04-13,300406,16.33,15.28,16.45,15.27,100343,170021889.0,7.17,-7.17,-1.18,3.01
2022-04-14,300406,15.34,15.96,16.67,15.32,104013,179741039.0,8.84,4.45,0.68,3.12
2022-04-15,300406,15.81,15.2,15.92,15.04,95160,159079387.0,5.51,-4.76,-0.76,2.86
2022-04-18,300406,15.02,14.96,15.15,14.61,54917,88911040.0,3.55,-1.58,-0.24,1.65
2022-04-19,300406,14.95,14.56,15.01,14.44,69831,111357288.0,3.81,-2.67,-0.4,2.1
2022-04-20,300406,14.59,14.24,14.69,14.11,52496,82405858.0,3.98,-2.2,-0.32,1.58
2022-04-21,300406,14.19,13.51,14.21,13.51,70907,107369503.0,4.92,-5.13,-0.73,2.13
2022-04-22,300406,13.58,13.17,13.66,13.08,51260,74622132.0,4.29,-2.52,-0.34,1.54
2022-04-25,300406,12.98,12.01,12.98,11.88,63803,87907596.0,8.35,-8.81,-1.16,1.91
2022-04-26,300406,12.14,12.35,12.84,12.08,74161,101745378.0,6.33,2.83,0.34,2.23
2022-04-27,300406,12.01,12.76,12.84,11.21,98996,135702455.0,13.2,3.32,0.41,2.97
2022-04-28,300406,12.77,12.14,12.77,12.11,85021,116528564.0,5.17,-4.86,-0.62,2.55
2022-04-29,300406,12.29,12.89,13.06,12.28,70500,99052722.0,6.43,6.18,0.75,2.12
2022-05-05,300406,12.81,13.4,13.64,12.63,66731,96995567.0,7.84,3.96,0.51,2.0
2022-05-06,300406,12.96,13.15,13.45,12.83,48206,69611779.0,4.63,-1.87,-0.25,1.45
2022-05-09,300406,13.12,13.19,13.29,12.98,33354,48167185.0,2.36,0.3,0.04,1.0
2022-05-10,300406,13.19,14.21,14.52,13.14,95649,143721900.0,10.46,7.73,1.02,2.87
2022-05-11,300406,14.47,14.1,15.23,14.08,141577,227205251.0,8.09,-0.77,-0.11,4.25
2022-05-12,300406,13.89,14.28,14.35,13.79,59118,91105843.0,3.97,1.28,0.18,1.77
2022-05-13,300406,14.28,14.36,14.5,14.15,41729,65045432.0,2.45,0.56,0.08,1.25
2022-05-16,300406,14.3,15.17,15.25,14.2,95516,152833861.0,7.31,5.64,0.81,2.87
2022-05-17,300406,15.1,15.03,15.36,14.87,53883,88251438.0,3.23,-0.92,-0.14,1.62
2022-05-18,300406,15.02,15.11,15.3,14.91,46234,76013803.0,2.59,0.53,0.08,1.39
2022-05-19,300406,14.85,15.46,15.63,14.64,70005,115053277.0,6.55,2.32,0.35,2.1
2022-05-20,300406,15.49,15.49,15.97,15.45,69250,117523326.0,3.36,0.19,0.03,2.08
2022-05-23,300406,15.58,15.22,15.59,15.16,40932,68005647.0,2.78,-1.74,-0.27,1.23
2022-05-24,300406,15.33,14.94,15.57,14.94,63404,104460252.0,4.14,-1.84,-0.28,1.9
2022-05-25,300406,14.95,15.01,15.19,14.83,24061,39097635.0,2.41,0.47,0.07,0.72
2022-05-26,300406,15.11,15.13,15.26,14.79,26320,43008381.0,3.13,0.8,0.12,0.79
2022-05-27,300406,15.21,14.96,15.35,14.92,25326,41141034.0,2.84,-1.12,-0.17,0.76
2022-05-30,300406,15.06,15.46,15.81,14.91,38335,63645622.0,6.02,3.34,0.5,1.15
2022-05-31,300406,15.49,15.35,15.7,15.22,27338,45333086.0,3.1,-0.71,-0.11,0.82
2022-06-01,300406,15.24,15.48,16.38,15.24,54763,93677772.0,7.43,0.85,0.13,1.64
2022-06-02,300406,15.69,15.65,15.79,15.39,24233,40721348.0,2.58,1.1,0.17,0.73
2022-06-06,300406,15.68,15.67,15.87,15.43,33645,56670923.0,2.81,0.13,0.02,1.01
2022-06-07,300406,15.69,15.54,15.75,15.19,33095,54920914.0,3.57,-0.83,-0.13,0.99
2022-06-08,300406,15.52,15.45,15.85,15.29,31872,53358014.0,3.6,-0.58,-0.09,0.96
2022-06-09,300406,15.29,14.92,15.4,14.71,47529,76889267.0,4.47,-3.43,-0.53,1.43
2022-06-10,300406,14.9,15.4,15.55,14.72,35891,59181048.0,5.56,3.22,0.48,1.08
2022-06-13,300406,15.4,15.6,15.8,15.31,32176,53973516.0,3.18,1.3,0.2,0.97
2022-06-14,300406,15.57,15.43,15.57,15.07,31283,51663961.0,3.21,-1.09,-0.17,0.94
2022-06-15,300406,15.47,14.98,15.56,14.97,43880,71645756.0,3.82,-2.92,-0.45,1.31
2022-06-16,300406,15.01,14.83,15.16,14.77,47421,76368389.0,2.6,-1.0,-0.15,1.42
2022-06-17,300406,14.81,15.12,15.2,14.61,45883,73853335.0,3.98,1.96,0.29,1.37
2022-06-20,300406,15.13,15.48,15.61,15.03,41366,68805277.0,3.84,2.38,0.36,1.24
2022-06-21,300406,15.49,15.59,15.85,15.33,37741,63426536.0,3.36,0.71,0.11,1.13
2022-06-22,300406,15.59,15.78,16.24,15.57,53276,91431495.0,4.3,1.22,0.19,1.59
2022-06-23,300406,15.78,16.01,16.05,15.54,36588,62212730.0,3.23,1.46,0.23,1.09
2022-06-24,300406,16.09,16.33,16.4,15.99,50446,88093700.0,2.56,2.0,0.32,1.51
2022-06-27,300406,16.34,16.35,16.73,16.16,83089,146409191.0,3.49,0.12,0.02,2.49
2022-06-28,300406,16.77,16.96,17.0,16.37,96802,173784551.0,3.85,3.73,0.61,2.9
2022-06-29,300406,16.96,16.36,16.97,16.3,62126,110603794.0,3.95,-3.54,-0.6,1.86
2022-06-30,300406,16.26,16.1,16.41,15.83,60262,104199512.0,3.55,-1.59,-0.26,1.8
2022-07-01,300406,16.18,16.18,16.29,16.03,34893,60560987.0,1.61,0.5,0.08,1.04
2022-07-04,300406,16.24,16.88,16.93,16.16,70485,125922734.0,4.76,4.33,0.7,2.11
2022-07-05,300406,16.82,17.05,17.18,16.69,52060,94366931.0,2.9,1.01,0.17,1.56
2022-07-06,300406,17.03,16.93,17.36,16.72,42939,78544355.0,3.75,-0.7,-0.12,1.28
2022-07-07,300406,16.93,17.28,17.39,16.76,42609,78057402.0,3.72,2.07,0.35,1.28
2022-07-08,300406,17.28,17.52,17.53,17.09,45920,85170883.0,2.55,1.39,0.24,1.37
2022-07-11,300406,17.4,17.26,18.16,17.15,55952,105298826.0,5.76,-1.48,-0.26,1.67
2022-07-12,300406,17.08,16.93,17.33,16.6,56139,101856883.0,4.23,-1.91,-0.33,1.68
2022-07-13,300406,16.85,16.82,17.05,16.68,39723,71618077.0,2.19,-0.65,-0.11,1.19
2022-07-14,300406,16.91,16.84,17.18,16.77,31359,56817352.0,2.44,0.12,0.02,0.94
2022-07-15,300406,16.72,16.41,16.89,16.28,37801,67027672.0,3.62,-2.55,-0.43,1.13
2022-07-18,300406,16.41,16.36,16.5,16.2,30404,53172949.0,1.83,-0.3,-0.05,0.91
2022-07-19,300406,16.4,16.27,16.51,16.0,45965,80012249.0,3.12,-0.55,-0.09,1.37
2022-07-20,300406,16.34,17.32,17.39,16.32,68598,124988377.0,6.58,6.45,1.05,2.05
2022-07-21,300406,17.19,16.93,17.33,16.93,34034,62174965.0,2.31,-2.25,-0.39,1.02
2022-07-22,300406,17.09,16.71,17.23,16.54,36273,65413072.0,4.08,-1.3,-0.22,1.08
2022-07-25,300406,16.6,16.62,17.03,16.52,26783,47932307.0,3.05,-0.54,-0.09,0.8
2022-07-26,300406,16.57,16.44,16.73,16.36,21712,38342081.0,2.23,-1.08,-0.18,0.65
2022-07-27,300406,16.48,16.57,16.6,16.35,21776,38442069.0,1.52,0.79,0.13,0.65
2022-07-28,300406,16.62,17.08,17.27,16.54,37893,68978940.0,4.41,3.08,0.51,1.13
2022-07-29,300406,17.28,17.07,17.62,16.9,47696,87986451.0,4.22,-0.06,-0.01,1.43
2022-08-01,300406,16.91,16.9,17.13,16.31,61237,110163479.0,4.8,-1.0,-0.17,1.83
2022-08-02,300406,16.91,16.59,17.07,16.53,59084,105799758.0,3.2,-1.83,-0.31,1.77
2022-08-03,300406,16.61,16.76,17.21,16.61,43216,78481116.0,3.62,1.02,0.17,1.29
2022-08-04,300406,16.96,17.01,17.12,16.64,36885,66803943.0,2.86,1.49,0.25,1.1
2022-08-05,300406,17.11,17.03,17.44,16.81,51312,93894559.0,3.7,0.12,0.02,1.53
2022-08-08,300406,17.1,16.98,17.26,16.86,49440,90030770.0,2.35,-0.29,-0.05,1.48
2022-08-09,300406,17.06,16.69,17.06,16.63,32513,58460907.0,2.53,-1.71,-0.29,0.97
2022-08-10,300406,16.76,16.81,16.82,16.55,27364,48882631.0,1.62,0.72,0.12,0.82
2022-08-11,300406,16.9,16.86,17.06,16.72,28933,52374886.0,2.02,0.3,0.05,0.87
2022-08-12,300406,16.89,16.74,16.89,16.66,18096,32475590.0,1.36,-0.71,-0.12,0.54
2022-08-15,300406,16.8,16.87,17.21,16.56,54678,99263220.0,3.88,0.78,0.13,1.63
2022-08-16,300406,16.95,16.96,17.06,16.58,47272,85093254.0,2.85,0.53,0.09,1.41
2022-08-17,300406,16.96,17.04,17.19,16.85,46535,84643460.0,2.0,0.47,0.08,1.39
2022-08-18,300406,17.07,16.86,17.13,16.79,35664,64655653.0,2.0,-1.06,-0.18,1.07
2022-08-19,300406,16.86,16.9,17.05,16.71,28561,51613818.0,2.02,0.24,0.04,0.85
2022-08-22,300406,16.94,16.62,16.94,16.56,24092,43154064.0,2.25,-1.66,-0.28,0.72
2022-08-23,300406,16.65,16.56,16.76,16.41,26990,47874477.0,2.11,-0.36,-0.06,0.81
2022-08-24,300406,16.58,16.9,17.06,16.19,54216,96669113.0,5.25,2.05,0.34,1.62
2022-08-25,300406,16.9,16.49,16.94,16.28,36977,65473049.0,3.91,-2.43,-0.41,1.11
2022-08-26,300406,16.49,16.05,16.54,16.01,24965,43422289.0,3.21,-2.67,-0.44,0.75
2022-08-29,300406,16.28,17.37,18.11,16.15,115894,215140469.0,12.21,8.22,1.32,3.46
2022-08-30,300406,17.61,17.34,17.71,17.12,75785,140516090.0,3.4,-0.17,-0.03,2.27
2022-08-31,300406,17.34,17.28,17.62,17.1,59718,110760140.0,3.0,-0.35,-0.06,1.79
2022-09-01,300406,17.32,17.61,17.9,17.2,62962,118734893.0,4.05,1.91,0.33,1.88
2022-09-02,300406,17.7,17.64,17.87,17.46,28375,53342457.0,2.33,0.17,0.03,0.85
2022-09-05,300406,17.75,17.6,18.11,17.07,58920,110039325.0,5.9,-0.23,-0.04,1.76
2022-09-06,300406,17.58,17.69,17.88,17.45,42391,79996660.0,2.44,0.51,0.09,1.27
2022-09-07,300406,17.82,17.44,17.94,17.38,34114,64201070.0,3.17,-1.41,-0.25,1.02
2022-09-08,300406,17.46,17.59,17.81,17.34,37416,70454761.0,2.69,0.86,0.15,1.12
2022-09-09,300406,17.59,17.86,18.07,17.52,45014,85649883.0,3.13,1.53,0.27,1.35
2022-09-13,300406,17.89,17.9,18.21,17.72,70889,135855813.0,2.74,0.22,0.04,2.12
2022-09-14,300406,17.81,18.05,18.1,17.43,59968,114498996.0,3.74,0.84,0.15,1.79
2022-09-15,300406,18.27,17.79,18.28,17.49,52706,100271992.0,4.38,-1.44,-0.26,1.58
2022-09-16,300406,17.62,17.02,17.77,17.01,28493,52886480.0,4.27,-4.33,-0.77,0.85
2022-09-19,300406,17.0,16.44,17.0,16.15,70645,124514032.0,4.99,-3.41,-0.58,2.11
2022-09-20,300406,16.6,16.21,16.71,16.01,28250,49157119.0,4.26,-1.4,-0.23,0.84
2022-09-21,300406,16.02,15.92,16.28,15.86,25085,43161989.0,2.59,-1.79,-0.29,0.75
2022-09-22,300406,15.9,15.48,15.94,15.22,34044,57203791.0,4.52,-2.76,-0.44,1.02
2022-09-23,300406,15.29,14.52,15.35,14.48,69066,109944937.0,5.62,-6.2,-0.96,2.06
2022-09-26,300406,14.51,14.76,14.99,14.17,33981,53979108.0,5.65,1.65,0.24,1.02
2022-09-27,300406,14.8,15.06,15.12,14.71,26989,43395389.0,2.78,2.03,0.3,0.81
2022-09-28,300406,15.06,14.82,15.3,14.82,24313,39580100.0,3.19,-1.59,-0.24,0.73
2022-09-29,300406,15.04,15.48,15.62,14.92,35200,58379002.0,4.72,4.45,0.66,1.05
2022-09-30,300406,15.41,15.56,15.83,15.34,23627,39665399.0,3.17,0.52,0.08,0.71
2022-10-10,300406,15.56,15.25,16.0,14.91,25087,41790799.0,7.01,-1.99,-0.31,0.75
2022-10-11,300406,15.4,14.9,15.4,14.85,27027,44024217.0,3.61,-2.3,-0.35,0.81
2022-10-12,300406,14.98,15.28,15.28,14.72,24258,39247353.0,3.76,2.55,0.38,0.73
2022-10-13,300406,15.23,15.18,15.43,15.06,25152,41275803.0,2.42,-0.65,-0.1,0.75
2022-10-14,300406,16.31,16.65,17.3,15.68,155565,276768868.0,10.67,9.68,1.47,4.65
2022-10-17,300406,16.5,16.36,17.03,16.16,101892,181461676.0,5.23,-1.74,-0.29,3.05
2022-10-18,300406,16.39,16.34,16.53,15.99,68896,120233518.0,3.3,-0.12,-0.02,2.06
2022-10-19,300406,16.22,16.43,16.57,16.13,59113,103912865.0,2.69,0.55,0.09,1.77
2022-10-20,300406,16.34,16.81,17.03,16.29,69361,124289920.0,4.5,2.31,0.38,2.07
2022-10-21,300406,16.76,16.96,17.1,16.67,43724,79119876.0,2.56,0.89,0.15,1.31
2022-10-24,300406,16.87,16.86,17.24,16.61,67944,123300082.0,3.71,-0.59,-0.1,2.03
2022-10-25,300406,16.51,17.17,17.26,16.51,59326,108343401.0,4.45,1.84,0.31,1.77
2022-10-26,300406,17.32,17.22,17.95,16.81,94844,177278180.0,6.64,0.29,0.05,2.84
2022-10-27,300406,17.06,17.05,17.22,16.82,65864,119792639.0,2.32,-0.99,-0.17,1.97
2022-10-28,300406,17.31,17.05,17.49,16.76,70671,128682638.0,4.28,0.0,0.0,2.11
2022-10-31,300406,16.86,16.68,17.28,16.41,47670,85714041.0,5.1,-2.17,-0.37,1.43
2022-11-01,300406,16.91,16.47,17.04,15.61,87392,152424173.0,8.57,-1.26,-0.21,2.61
2022-11-02,300406,16.48,16.88,16.97,16.18,56043,100312311.0,4.8,2.49,0.41,1.68
2022-11-03,300406,16.79,16.82,16.89,16.49,31172,55795893.0,2.37,-0.36,-0.06,0.93
2022-11-04,300406,16.82,16.76,16.98,16.62,42070,75570815.0,2.14,-0.36,-0.06,1.26
2022-11-07,300406,16.84,16.54,16.91,16.38,52966,93894971.0,3.16,-1.31,-0.22,1.58
2022-11-08,300406,16.51,16.09,16.61,15.99,37159,64503866.0,3.75,-2.72,-0.45,1.11
2022-11-09,300406,16.28,17.17,17.31,15.91,129671,235162597.0,8.7,6.71,1.08,3.88
2022-11-10,300406,17.01,17.08,17.41,16.91,86858,159547805.0,2.91,-0.52,-0.09,2.6
2022-11-11,300406,17.3,16.6,17.41,16.54,86946,158054374.0,5.09,-2.81,-0.48,2.6
2022-11-14,300406,16.48,17.01,17.05,16.18,63652,114406338.0,5.24,2.47,0.41,1.9
2022-11-15,300406,17.12,17.17,17.2,16.62,82278,149120987.0,3.41,0.94,0.16,2.46
2022-11-16,300406,17.12,17.31,17.46,16.97,64061,118249479.0,2.85,0.82,0.14,1.92
2022-11-17,300406,17.11,17.36,17.42,17.0,58462,107922569.0,2.43,0.29,0.05,1.75
2022-11-18,300406,17.35,17.36,17.6,17.11,64408,119576382.0,2.82,0.0,0.0,1.93
2022-11-21,300406,17.22,17.39,17.54,16.86,79937,147656116.0,3.92,0.17,0.03,2.39
2022-11-22,300406,17.39,17.29,17.41,17.06,72773,133814422.0,2.01,-0.58,-0.1,2.18
2022-11-23,300406,17.21,16.88,17.31,16.51,71359,128159779.0,4.63,-2.37,-0.41,2.13
2022-11-24,300406,16.88,17.07,17.24,16.75,48800,89135436.0,2.9,1.13,0.19,1.46
2022-11-25,300406,17.08,16.46,17.14,16.45,42027,74885928.0,4.04,-3.57,-0.61,1.26
2022-11-28,300406,16.32,16.39,16.88,16.22,40238,70974705.0,4.01,-0.43,-0.07,1.2
2022-11-29,300406,16.39,16.89,17.07,16.39,69155,124260418.0,4.15,3.05,0.5,2.07
2022-11-30,300406,16.71,16.23,17.01,16.18,84680,149203621.0,4.91,-3.91,-0.66,2.53
2022-12-01,300406,16.17,16.32,16.46,16.09,54157,94363968.0,2.28,0.55,0.09,1.62
2022-12-02,300406,16.23,16.32,16.46,16.13,35394,61894951.0,2.02,0.0,0.0,1.06
2022-12-05,300406,16.42,15.94,16.56,15.84,61065,105455917.0,4.41,-2.33,-0.38,1.83
2022-12-06,300406,15.87,15.87,16.08,15.82,25742,43938502.0,1.63,-0.44,-0.07,0.77
2022-12-07,300406,15.94,16.6,16.67,15.57,75475,131880231.0,6.93,4.6,0.73,2.26
2022-12-08,300406,16.66,17.02,17.16,16.52,90670,163904529.0,3.86,2.53,0.42,2.71
2022-12-09,300406,17.18,17.32,17.58,17.05,121327,225183378.0,3.11,1.76,0.3,3.63
2022-12-12,300406,17.43,17.51,17.88,17.14,101557,190111380.0,4.27,1.1,0.19,3.04
2022-12-13,300406,17.61,17.33,17.61,16.93,54574,100468658.0,3.88,-1.03,-0.18,1.63
2022-12-14,300406,17.31,16.75,17.31,16.71,41109,74205044.0,3.46,-3.35,-0.58,1.23
2022-12-15,300406,16.9,16.72,16.95,16.53,29876,53459276.0,2.51,-0.18,-0.03,0.89
2022-12-16,300406,16.72,16.89,17.14,16.72,36924,66873228.0,2.51,1.02,0.17,1.1
2022-12-19,300406,16.88,16.31,17.02,16.09,48977,85935965.0,5.51,-3.43,-0.58,1.46
2022-12-20,300406,16.33,15.98,16.33,15.96,33179,57373377.0,2.27,-2.02,-0.33,0.99
2022-12-21,300406,16.08,15.79,16.18,15.62,32442,55224174.0,3.5,-1.19,-0.19,0.97
2022-12-22,300406,15.91,15.3,15.95,15.23,40611,67927008.0,4.56,-3.1,-0.49,1.21
2022-12-23,300406,15.3,15.5,15.73,15.02,41562,68737901.0,4.64,1.31,0.2,1.24
2022-12-26,300406,15.5,15.23,15.68,15.11,35128,57796793.0,3.68,-1.74,-0.27,1.05
2022-12-27,300406,15.4,15.82,15.87,15.08,55646,92636038.0,5.19,3.87,0.59,1.66
2022-12-28,300406,15.71,15.0,16.09,14.91,54908,90204556.0,7.46,-5.18,-0.82,1.64
2022-12-29,300406,15.03,15.07,15.32,14.91,23032,37575899.0,2.73,0.47,0.07,0.69
2022-12-30,300406,15.07,15.18,15.26,14.97,18166,29697122.0,1.92,0.73,0.11,0.54
2023-01-03,300406,15.27,15.31,15.46,15.11,50549,83215894.0,2.31,0.86,0.13,1.51
2023-01-04,300406,15.44,15.17,15.44,15.08,38506,63171783.0,2.35,-0.91,-0.14,1.15
2023-01-05,300406,15.27,15.63,15.8,15.03,47451,79063456.0,5.08,3.03,0.46,1.42
2023-01-06,300406,15.63,15.75,15.76,15.51,25670,43277072.0,1.6,0.77,0.12,0.77
2023-01-09,300406,15.8,15.53,15.83,15.52,22623,37934018.0,1.97,-1.4,-0.22,0.68
2023-01-10,300406,15.61,15.58,15.63,15.31,39750,66076773.0,2.06,0.32,0.05,1.19
2023-01-11,300406,15.58,15.6,15.74,15.39,17511,29446030.0,2.25,0.13,0.02,0.52
2023-01-12,300406,15.49,15.57,15.7,15.47,13020,21820431.0,1.47,-0.19,-0.03,0.39
2023-01-13,300406,15.57,15.76,15.85,15.43,20442,34511969.0,2.7,1.22,0.19,0.61
2023-01-16,300406,15.88,15.71,15.97,15.63,24519,41770824.0,2.16,-0.32,-0.05,0.73
2023-01-17,300406,15.8,15.63,15.8,15.57,14165,23841141.0,1.46,-0.51,-0.08,0.42
2023-01-18,300406,15.71,15.63,15.98,15.56,28633,48481499.0,2.69,0.0,0.0,0.86
2023-01-19,300406,15.64,15.62,15.78,15.55,34814,58657242.0,1.47,-0.06,-0.01,1.04
2023-01-20,300406,15.62,15.68,15.98,15.57,35689,60323816.0,2.62,0.38,0.06,1.07
2023-01-30,300406,15.77,15.75,15.93,15.68,31184,52885305.0,1.59,0.45,0.07,0.93
2023-01-31,300406,15.81,15.62,15.81,15.56,16211,27281465.0,1.59,-0.83,-0.13,0.48
2023-02-01,300406,15.74,15.72,15.77,15.52,25546,43099483.0,1.6,0.64,0.1,0.76
2023-02-02,300406,15.72,15.76,15.89,15.71,37712,64039688.0,1.15,0.25,0.04,1.13
2023-02-03,300406,15.7,15.55,15.78,15.29,38128,63682321.0,3.11,-1.33,-0.21,1.14
2023-02-06,300406,15.44,15.51,15.62,15.38,17347,28963068.0,1.54,-0.26,-0.04,0.52
2023-02-07,300406,15.59,15.23,15.67,15.11,33131,54737382.0,3.61,-1.81,-0.28,0.99
2023-02-08,300406,15.22,15.81,15.83,15.16,84067,141221828.0,4.4,3.81,0.58,2.51
2023-02-09,300406,15.8,15.96,16.19,15.67,93003,159728981.0,3.29,0.95,0.15,2.78
2023-02-10,300406,15.91,16.03,16.33,15.85,58958,101940020.0,3.01,0.44,0.07,1.76
2023-02-13,300406,16.08,16.47,16.57,15.89,113287,198949664.0,4.24,2.74,0.44,3.39
2023-02-14,300406,16.77,16.36,16.77,16.16,44870,78581375.0,3.7,-0.67,-0.11,1.34
2023-02-15,300406,16.41,16.34,16.69,16.21,70339,124627633.0,2.93,-0.12,-0.02,2.1
2023-02-16,300406,16.37,16.2,16.65,16.12,76471,135044760.0,3.24,-0.86,-0.14,2.29
2023-02-17,300406,16.12,16.55,16.67,16.12,62571,110584199.0,3.4,2.16,0.35,1.87
2023-02-20,300406,16.63,16.92,16.92,16.31,76067,136433542.0,3.69,2.24,0.37,2.27
2023-02-21,300406,17.18,17.04,17.36,16.91,90712,166470645.0,2.66,0.71,0.12,2.71
2023-02-22,300406,16.93,16.99,17.11,16.78,25906,47001359.0,1.94,-0.29,-0.05,0.77
2023-02-23,300406,16.92,16.96,17.28,16.79,36877,67153930.0,2.88,-0.18,-0.03,1.1
2023-02-24,300406,17.16,16.83,17.3,16.71,30968,56259862.0,3.48,-0.77,-0.13,0.93
2023-02-27,300406,16.92,16.92,17.25,16.84,34339,62518867.0,2.44,0.53,0.09,1.03
2023-02-28,300406,16.96,17.67,17.8,16.96,113222,212067071.0,4.96,4.43,0.75,3.38
2023-03-01,300406,17.67,18.44,18.53,17.62,202153,392839167.0,5.15,4.36,0.77,6.04
2023-03-02,300406,18.45,18.41,18.87,18.23,115319,227127760.0,3.47,-0.16,-0.03,3.45
2023-03-03,300406,18.42,18.02,18.74,17.66,114446,221190333.0,5.87,-2.12,-0.39,3.42
2023-03-06,300406,18.16,19.3,19.5,18.04,159024,321346531.0,8.1,7.1,1.28,4.75
2023-03-07,300406,19.41,19.3,20.17,19.06,122007,253941458.0,5.75,0.0,0.0,3.65
2023-03-08,300406,18.69,19.12,19.69,18.69,70772,144077998.0,5.18,-0.93,-0.18,2.12
2023-03-09,300406,18.4,18.99,19.39,18.4,52697,106478656.0,5.18,-0.68,-0.13,1.57
2023-03-10,300406,18.9,19.54,19.89,18.67,109491,225286886.0,6.42,2.9,0.55,3.27
2023-03-13,300406,19.42,19.39,19.49,18.87,60735,123707687.0,3.17,-0.77,-0.15,1.82
2023-03-14,300406,19.26,18.89,19.48,18.8,48455,97757021.0,3.51,-2.58,-0.5,1.45
2023-03-15,300406,18.84,19.25,19.49,18.84,47813,97660069.0,3.44,1.91,0.36,1.43
2023-03-16,300406,19.06,19.33,19.76,18.98,49794,102660311.0,4.05,0.42,0.08,1.49
2023-03-17,300406,19.34,19.57,19.79,19.3,58004,120293138.0,2.53,1.24,0.24,1.73
2023-03-20,300406,19.38,19.31,19.58,18.81,42882,87180850.0,3.93,-1.33,-0.26,1.28
2023-03-21,300406,19.21,19.11,19.44,18.94,32075,65276507.0,2.59,-1.04,-0.2,0.96
2023-03-22,300406,19.21,18.91,19.25,18.69,53816,108022533.0,2.93,-1.05,-0.2,1.61
2023-03-23,300406,19.01,18.64,19.16,18.32,59085,117105265.0,4.44,-1.43,-0.27,1.77
2023-03-24,300406,18.61,17.98,18.76,17.92,55628,107776222.0,4.51,-3.54,-0.66,1.66
2023-03-27,300406,18.08,19.12,19.44,17.84,93694,189228667.0,8.9,6.34,1.14,2.8
2023-03-28,300406,19.12,19.37,19.69,19.03,58051,119317647.0,3.45,1.31,0.25,1.73
2023-03-29,300406,19.45,19.33,19.6,19.17,25591,52649326.0,2.22,-0.21,-0.04,0.76
2023-03-30,300406,19.34,19.2,19.44,19.08,26185,53412050.0,1.86,-0.67,-0.13,0.78
2023-03-31,300406,19.38,19.83,20.36,19.2,59607,124983568.0,6.04,3.28,0.63,1.76
2023-04-03,300406,19.72,19.35,20.08,18.99,51130,105158876.0,5.5,-2.42,-0.48,1.51
2023-04-04,300406,19.46,20.2,20.51,19.31,62288,132503711.0,6.2,4.39,0.85,1.84
2023-04-06,300406,20.2,19.92,20.51,19.7,78633,166979790.0,4.01,-1.39,-0.28,2.33
2023-04-07,300406,19.91,19.94,20.01,19.61,42766,89966219.0,2.01,0.1,0.02,1.27
2023-04-10,300406,19.77,19.57,19.86,19.33,46193,95887196.0,2.66,-1.86,-0.37,1.37
2023-04-11,300406,19.68,19.61,19.94,19.31,39733,82604557.0,3.22,0.2,0.04,1.18
2023-04-12,300406,19.75,19.79,20.01,19.39,32628,68146375.0,3.16,0.92,0.18,0.97
2023-04-13,300406,19.83,19.79,20.11,19.51,30019,62851389.0,3.03,0.0,0.0,0.89
2023-04-14,300406,19.79,19.61,19.89,19.42,27638,57386626.0,2.37,-0.91,-0.18,0.82
2023-04-17,300406,19.68,20.08,20.49,19.62,58119,123802780.0,4.44,2.4,0.47,1.72
2023-04-18,300406,20.36,21.77,21.97,20.26,113250,257753058.0,8.52,8.42,1.69,3.35
2023-04-19,300406,21.27,21.51,21.67,20.79,86721,194617919.0,4.04,-1.19,-0.26,2.57
2023-04-20,300406,21.5,21.13,21.6,20.86,69520,156098740.0,3.44,-1.77,-0.38,2.06
2023-04-21,300406,20.9,20.51,21.25,20.31,61413,134534448.0,4.45,-2.93,-0.62,1.82
2023-04-24,300406,20.96,21.43,22.14,20.42,91947,207901135.0,8.39,4.49,0.92,2.72
2023-04-25,300406,21.29,21.55,21.61,20.46,89488,198116595.0,5.37,0.56,0.12,2.65
2023-04-26,300406,21.24,21.9,22.13,21.12,91146,209341856.0,4.69,1.62,0.35,2.7
2023-04-27,300406,22.31,22.5,22.69,21.47,86159,201600372.0,5.57,2.74,0.6,2.55
2023-04-28,300406,21.81,22.21,22.44,21.51,48935,113500585.0,4.13,-1.29,-0.29,1.45
2023-05-04,300406,22.69,22.11,22.7,20.61,83184,191093639.0,9.41,-0.45,-0.1,2.46
2023-05-05,300406,21.94,21.52,22.11,20.81,61722,138747767.0,5.88,-2.67,-0.59,1.83
2023-05-08,300406,21.52,21.53,21.61,21.03,37210,83951276.0,2.7,0.05,0.01,1.1
2023-05-09,300406,21.16,20.52,21.61,20.5,51369,113013925.0,5.16,-4.69,-1.01,1.52
2023-05-10,300406,20.48,20.63,20.86,20.26,22509,48862409.0,2.92,0.54,0.11,0.67
2023-05-11,300406,20.64,19.94,20.74,19.71,62081,131783165.0,4.99,-3.34,-0.69,1.84
2023-05-12,300406,19.94,20.4,20.94,19.9,35578,77266822.0,5.22,2.31,0.46,1.05
2023-05-15,300406,20.4,21.14,21.58,20.11,58619,129085982.0,7.21,3.63,0.74,1.74
2023-05-16,300406,21.14,21.31,21.57,21.02,36473,82157082.0,2.6,0.8,0.17,1.08
2023-05-17,300406,21.31,21.53,21.69,21.11,28461,64441879.0,2.72,1.03,0.22,0.84
2023-05-18,300406,21.53,21.46,21.6,21.19,21078,47598509.0,1.9,-0.33,-0.07,0.62
2023-05-19,300406,21.06,21.71,21.96,21.06,42821,97838041.0,4.19,1.16,0.25,1.27
2023-05-22,300406,21.54,22.2,22.27,21.54,36925,85480481.0,3.36,2.26,0.49,1.09
2023-05-23,300406,22.23,21.97,22.36,21.84,18125,41936902.0,2.34,-1.04,-0.23,0.54
2023-05-24,300406,21.97,21.54,22.07,21.29,22767,51511761.0,3.55,-1.96,-0.43,0.67
2023-05-25,300406,21.31,21.05,21.61,20.66,50919,112185620.0,4.41,-2.27,-0.49,1.51
2023-05-26,300406,21.16,21.29,21.46,20.75,19967,44360266.0,3.37,1.14,0.24,0.59
2023-05-29,300406,21.57,21.35,21.91,21.11,37010,83408864.0,3.76,0.28,0.06,1.1
2023-05-30,300406,21.57,21.91,22.04,21.14,39670,90361314.0,4.22,2.62,0.56,1.17
2023-05-31,300406,21.74,23.46,23.71,21.74,112923,272973048.0,8.99,7.07,1.55,3.34
2023-06-01,300406,23.41,22.51,23.51,22.11,62849,148249378.0,5.97,-4.05,-0.95,1.86
2023-06-02,300406,22.42,21.71,22.43,21.61,58246,134094072.0,3.64,-3.55,-0.8,1.72
2023-06-05,300406,21.69,21.99,22.06,21.43,42810,97961810.0,2.9,1.29,0.28,1.27
2023-06-06,300406,21.9,22.27,22.68,21.85,82218,192797998.0,3.77,1.27,0.28,2.43
2023-06-07,300406,22.45,21.97,22.63,21.92,32975,76798024.0,3.19,-1.35,-0.3,0.98
2023-06-08,300406,21.97,21.76,22.15,21.62,18279,41796255.0,2.41,-0.96,-0.21,0.54
2023-06-09,300406,21.71,21.73,21.99,21.49,23864,54437824.0,2.3,-0.14,-0.03,0.71
2023-06-12,300406,21.75,21.31,21.75,21.19,29220,65621548.0,2.58,-1.93,-0.42,0.87
2023-06-13,300406,21.51,21.1,21.51,20.79,27771,61552391.0,3.38,-0.99,-0.21,0.82
2023-06-14,300406,21.09,21.19,22.03,20.82,28775,64532669.0,5.73,0.43,0.09,0.85
2023-06-15,300406,21.17,21.41,21.67,20.91,25997,58162852.0,3.59,1.04,0.22,0.77
2023-06-16,300406,21.42,21.33,21.86,21.23,33553,75511063.0,2.94,-0.37,-0.08,0.99
2023-06-19,300406,21.34,21.01,21.42,20.91,26286,58244036.0,2.39,-1.5,-0.32,0.78
2023-06-20,300406,21.08,20.61,21.26,20.5,36142,78969296.0,3.62,-1.9,-0.4,1.07
2023-06-21,300406,20.63,20.44,20.89,20.41,15578,33754190.0,2.33,-0.82,-0.17,0.46
2023-06-26,300406,20.45,20.08,20.64,20.0,25812,55358592.0,3.13,-1.76,-0.36,0.76
2023-06-27,300406,20.21,20.46,21.01,20.18,29853,64686805.0,4.13,1.89,0.38,0.88
2023-06-28,300406,20.23,20.66,20.93,19.28,79983,171337581.0,8.06,0.98,0.2,2.37
2023-06-29,300406,20.67,21.69,22.27,20.67,82590,188040610.0,7.74,4.99,1.03,2.45
2023-06-30,300406,21.69,22.24,22.79,21.58,58855,138430984.0,5.58,2.54,0.55,1.74
2023-07-03,300406,22.25,21.88,22.39,21.59,40700,93473672.0,3.6,-1.62,-0.36,1.2
2023-07-04,300406,21.89,22.34,22.46,21.54,41822,97045238.0,4.2,2.1,0.46,1.23
2023-07-05,300406,22.37,22.21,22.41,22.14,15305,35737310.0,1.21,-0.58,-0.13,0.45
2023-07-06,300406,22.07,21.59,22.29,21.54,16273,37228473.0,3.38,-2.79,-0.62,0.48
2023-07-07,300406,21.66,21.57,21.81,21.42,10998,24953317.0,1.81,-0.09,-0.02,0.32
2023-07-10,300406,21.57,20.64,21.77,20.12,80489,175424690.0,7.65,-4.31,-0.93,2.38
2023-07-11,300406,20.69,20.64,20.77,20.33,32855,71020030.0,2.13,0.0,0.0,0.97
2023-07-12,300406,21.21,20.33,21.59,20.21,60930,132570296.0,6.69,-1.5,-0.31,1.8
2023-07-13,300406,20.48,20.36,20.6,20.19,30784,65978994.0,2.02,0.15,0.03,0.91
2023-07-14,300406,20.36,19.88,20.59,19.8,30587,64778651.0,3.88,-2.36,-0.48,0.9
2023-07-17,300406,19.81,19.67,19.98,19.43,20305,42084111.0,2.77,-1.06,-0.21,0.6
2023-07-18,300406,19.59,19.66,19.96,19.42,17529,36503918.0,2.75,-0.05,-0.01,0.52
2023-07-19,300406,19.59,19.57,19.89,19.36,15900,32695478.0,2.7,-0.46,-0.09,0.47
2023-07-20,300406,19.49,19.15,19.49,19.05,25579,51832862.0,2.25,-2.15,-0.42,0.76
2023-07-21,300406,19.15,19.36,19.58,19.14,25376,51907718.0,2.3,1.1,0.21,0.75
2023-07-24,300406,19.46,20.1,20.27,19.46,34892,73831569.0,4.18,3.82,0.74,1.03
2023-07-25,300406,20.19,19.95,20.27,19.78,35612,75185741.0,2.44,-0.75,-0.15,1.05
2023-07-26,300406,19.95,20.0,20.56,19.8,34731,73974731.0,3.81,0.25,0.05,1.03
2023-07-27,300406,20.0,19.86,20.16,19.83,18403,38779227.0,1.65,-0.7,-0.14,0.54
2023-07-28,300406,19.9,19.8,19.98,19.41,40352,83689867.0,2.87,-0.3,-0.06,1.19
2023-07-31,300406,20.02,18.8,20.1,18.61,74963,150753396.0,7.53,-5.05,-1.0,2.21
2023-08-01,300406,18.9,18.46,19.09,18.31,63892,125385457.0,4.15,-1.81,-0.34,1.89
2023-08-02,300406,18.51,18.38,18.69,18.24,39071,76161856.0,2.44,-0.43,-0.08,1.15
2023-08-03,300406,18.48,19.0,19.39,18.38,64347,128652048.0,5.5,3.37,0.62,1.51
2023-08-04,300406,19.18,18.71,19.2,18.59,45761,91164742.0,3.21,-1.53,-0.29,1.07
2023-08-07,300406,18.8,18.67,18.8,18.21,36911,72229143.0,3.15,-0.21,-0.04,0.87
2023-08-08,300406,18.67,18.56,18.75,18.3,32940,64663129.0,2.41,-0.59,-0.11,0.77
2023-08-09,300406,18.67,18.51,18.7,18.39,40883,80069684.0,1.67,-0.27,-0.05,0.96
2023-08-10,300406,18.52,17.96,18.66,17.81,56931,109411968.0,4.59,-2.97,-0.55,1.34
2023-08-11,300406,18.09,17.65,18.09,17.51,96904,182749377.0,3.23,-1.73,-0.31,2.27
2023-08-14,300406,18.15,17.72,18.15,16.75,70712,130255979.0,7.93,0.4,0.07,1.66
2023-08-15,300406,17.69,17.41,17.73,17.26,51568,95493847.0,2.65,-1.75,-0.31,1.21
2023-08-16,300406,17.31,17.3,17.78,17.24,38215,70809247.0,3.1,-0.63,-0.11,0.9
2023-08-17,300406,17.17,17.38,17.44,16.91,27623,50684414.0,3.06,0.46,0.08,0.65
2023-08-18,300406,17.32,16.93,17.49,16.92,25482,46470658.0,3.28,-2.59,-0.45,0.6
2023-08-21,300406,16.93,16.83,17.26,16.75,32487,58837150.0,3.01,-0.59,-0.1,0.76
2023-08-22,300406,16.89,16.74,17.09,16.47,27782,49571432.0,3.68,-0.53,-0.09,0.65
2023-08-23,300406,16.65,16.61,17.01,16.57,28718,51288075.0,2.63,-0.78,-0.13,0.67
2023-08-24,300406,16.71,16.61,16.84,16.41,25059,44427677.0,2.59,0.0,0.0,0.59
2023-08-25,300406,16.76,16.3,16.77,16.17,28693,50156344.0,3.61,-1.87,-0.31,0.67
2023-08-28,300406,17.12,16.37,17.34,16.25,48128,85575112.0,6.69,0.43,0.07,1.13
2023-08-29,300406,16.19,16.64,16.75,16.12,39016,68531962.0,3.85,1.65,0.27,0.92
2023-08-30,300406,16.75,16.75,17.14,16.61,37257,66767962.0,3.19,0.66,0.11,0.87
2023-08-31,300406,16.89,17.75,17.99,16.71,91797,170435436.0,7.64,5.97,1.0,2.16
2023-09-01,300406,17.75,17.73,17.89,17.4,52083,97323674.0,2.76,-0.11,-0.02,1.22
2023-09-04,300406,17.56,17.53,17.76,17.29,49297,91444032.0,2.65,-1.13,-0.2,1.16
2023-09-05,300406,17.99,17.77,18.83,17.69,118304,228229595.0,6.5,1.37,0.24,2.78
2023-09-06,300406,17.63,17.96,18.04,17.46,82064,154356606.0,3.26,1.07,0.19,1.93
2023-09-07,300406,17.71,17.48,18.23,17.48,69883,131638870.0,4.18,-2.67,-0.48,1.64
2023-09-08,300406,17.42,17.54,18.11,17.33,36460,68210300.0,4.46,0.34,0.06,0.86
2023-09-11,300406,17.34,17.98,18.21,17.3,72041,137071921.0,5.19,2.51,0.44,1.69
2023-09-12,300406,18.09,17.93,18.1,17.73,43386,82320189.0,2.06,-0.28,-0.05,1.02
2023-09-13,300406,18.09,17.8,18.4,17.68,51151,97593123.0,4.02,-0.73,-0.13,1.2
2023-09-14,300406,17.63,17.66,17.86,17.54,29677,55627337.0,1.8,-0.79,-0.14,0.7
2023-09-15,300406,17.66,18.58,18.79,17.56,72928,141881343.0,6.96,5.21,0.92,1.71
2023-09-18,300406,18.52,18.92,19.5,18.52,77913,157184880.0,5.27,1.83,0.34,1.83
2023-09-19,300406,19.13,18.77,19.17,18.61,23945,47553596.0,2.96,-0.79,-0.15,0.56
2023-09-20,300406,18.77,18.5,18.8,18.44,37293,73376407.0,1.92,-1.44,-0.27,0.88
2023-09-21,300406,18.5,18.26,18.61,18.01,42338,81785719.0,3.24,-1.3,-0.24,0.99
2023-09-22,300406,18.23,18.31,18.38,17.91,28743,55135253.0,2.57,0.27,0.05,0.67
2023-09-25,300406,18.3,18.83,19.18,18.21,46297,92558110.0,5.3,2.84,0.52,1.09
2023-09-26,300406,18.83,18.74,18.96,18.66,22991,45654513.0,1.59,-0.48,-0.09,0.54
2023-09-27,300406,18.8,19.07,19.31,18.69,39869,80189017.0,3.31,1.76,0.33,0.94
2023-09-28,300406,19.05,18.89,19.13,18.68,36241,72589498.0,2.36,-0.94,-0.18,0.85
2023-10-09,300406,18.88,18.46,18.88,18.33,41126,80429051.0,2.91,-2.28,-0.43,0.97
2023-10-10,300406,18.46,17.98,18.62,17.88,42014,80772675.0,4.01,-2.6,-0.48,0.99
2023-10-11,300406,17.96,18.46,18.7,17.86,47768,93038723.0,4.67,2.67,0.48,1.12
2023-10-12,300406,18.51,18.29,18.71,18.21,36818,71564932.0,2.71,-0.92,-0.17,0.86
2023-10-13,300406,18.21,18.44,18.47,18.06,30236,58671108.0,2.24,0.82,0.15,0.72
2023-10-16,300406,18.45,18.07,18.65,17.96,28165,54446963.0,3.74,-2.01,-0.37,0.67
2023-10-17,300406,18.05,17.88,18.2,17.62,33526,63276467.0,3.21,-1.05,-0.19,0.79
2023-10-18,300406,18.01,17.44,18.08,17.37,26395,49179447.0,3.97,-2.46,-0.44,0.63
2023-10-19,300406,17.44,17.19,17.49,17.05,28048,51345850.0,2.52,-1.43,-0.25,0.66
2023-10-20,300406,17.15,16.94,17.32,16.86,26086,47215905.0,2.68,-1.45,-0.25,0.62
2023-10-23,300406,16.85,16.11,17.04,15.91,46282,80617444.0,6.67,-4.9,-0.83,1.1
2023-10-24,300406,16.44,16.16,16.51,15.93,36868,63795686.0,3.6,0.31,0.05,0.87
2023-10-25,300406,16.17,15.09,16.46,15.03,129144,213111869.0,8.85,-6.62,-1.07,3.06
2023-10-26,300406,15.13,15.32,15.43,15.05,60162,98393200.0,2.52,1.52,0.23,1.43
2023-10-27,300406,15.19,15.83,15.94,14.94,61696,102635047.0,6.53,3.33,0.51,1.46
2023-10-30,300406,15.83,17.33,17.53,15.68,124238,222077579.0,11.69,9.48,1.5,2.94
2023-10-31,300406,17.24,17.39,17.56,16.69,97274,176527537.0,5.02,0.35,0.06,2.31
2023-11-01,300406,17.35,16.92,17.36,16.71,73656,132930519.0,3.74,-2.7,-0.47,1.75
2023-11-02,300406,17.05,16.47,17.08,16.38,59275,104733973.0,4.14,-2.66,-0.45,1.4
2023-11-03,300406,16.56,16.56,16.78,16.36,41679,73620233.0,2.55,0.55,0.09,0.99
2023-11-06,300406,16.63,17.36,17.68,16.63,100080,184344701.0,6.34,4.83,0.8,2.37
2023-11-07,300406,17.36,17.16,17.43,17.07,32783,59992943.0,2.07,-1.15,-0.2,0.78
2023-11-08,300406,17.21,17.5,17.67,17.08,36084,66757700.0,3.44,1.98,0.34,0.86
2023-11-09,300406,17.41,17.45,17.99,17.32,43791,81968177.0,3.83,-0.29,-0.05,1.04
2023-11-10,300406,17.54,17.53,17.91,17.26,38109,71220517.0,3.72,0.46,0.08,0.9
2023-11-13,300406,17.53,17.24,17.61,17.13,42050,77024825.0,2.74,-1.65,-0.29,1.0
2023-11-14,300406,17.21,17.06,17.33,16.96,33050,60083277.0,2.15,-1.04,-0.18,0.78
2023-11-15,300406,17.16,17.02,17.29,16.97,36754,66769574.0,1.88,-0.23,-0.04,0.87
2023-11-16,300406,17.03,16.73,17.09,16.73,28617,51361558.0,2.12,-1.7,-0.29,0.68
2023-11-17,300406,16.87,17.74,17.81,16.71,76498,141484164.0,6.58,6.04,1.01,1.81
2023-11-20,300406,17.76,17.77,17.95,17.37,62620,117408684.0,3.27,0.17,0.03,1.48
2023-11-21,300406,17.72,17.57,17.87,17.54,34396,64441385.0,1.86,-1.13,-0.2,0.82
2023-11-22,300406,17.51,17.68,18.18,17.51,52729,99695365.0,3.81,0.63,0.11,1.25
2023-11-23,300406,17.8,17.97,18.05,17.58,58006,109846246.0,2.66,1.64,0.29,1.37
2023-11-24,300406,17.98,17.91,18.14,17.71,44713,84975890.0,2.39,-0.33,-0.06,1.06
2023-11-27,300406,17.93,17.87,18.03,17.69,48254,91411789.0,1.9,-0.22,-0.04,1.14
2023-11-28,300406,17.72,18.39,18.64,17.61,74196,143469447.0,5.76,2.91,0.52,1.76
2023-11-29,300406,18.38,18.37,18.44,18.09,42770,82983016.0,1.9,-0.11,-0.02,1.01
2023-11-30,300406,18.37,18.68,18.78,18.16,66053,129272832.0,3.38,1.69,0.31,1.57
2023-12-01,300406,18.78,19.22,19.36,18.47,96560,195113289.0,4.76,2.89,0.54,2.29
2023-12-04,300406,19.39,19.14,19.47,18.81,58223,117972024.0,3.43,-0.42,-0.08,1.38
2023-12-05,300406,19.16,18.81,19.16,18.64,40715,81175568.0,2.72,-1.72,-0.33,0.96
2023-12-06,300406,18.79,18.93,19.05,18.54,43399,86372311.0,2.71,0.64,0.12,1.03
2023-12-07,300406,18.92,18.77,18.97,18.62,28972,57607362.0,1.85,-0.85,-0.16,0.69
2023-12-08,300406,19.03,19.43,19.79,18.77,78569,161090480.0,5.43,3.52,0.66,1.86
2023-12-11,300406,19.43,19.24,19.57,19.03,41174,83619852.0,2.78,-0.98,-0.19,0.98
2023-12-12,300406,19.4,19.18,19.59,19.0,39526,80158041.0,3.07,-0.31,-0.06,0.94
2023-12-13,300406,19.12,19.09,19.38,19.05,22268,45164098.0,1.72,-0.47,-0.09,0.53
2023-12-14,300406,19.2,19.35,19.69,19.13,56742,116392402.0,2.93,1.36,0.26,1.34
2023-12-15,300406,19.41,18.93,19.59,18.61,62319,125107614.0,5.06,-2.17,-0.42,1.48
2023-12-18,300406,18.92,18.93,19.2,18.72,49742,99772208.0,2.54,0.0,0.0,1.18
2023-12-19,300406,19.1,18.66,19.1,18.48,22628,44767388.0,3.28,-1.43,-0.27,0.54
2023-12-20,300406,18.66,18.59,18.86,18.51,17513,34656853.0,1.88,-0.38,-0.07,0.41
2023-12-21,300406,18.59,19.21,19.37,18.47,46825,93930373.0,4.84,3.34,0.62,1.11
2023-12-22,300406,19.45,19.07,19.76,18.99,56154,115040071.0,4.01,-0.73,-0.14,1.33
2023-12-25,300406,19.25,18.91,19.25,18.47,52272,103377261.0,4.09,-0.84,-0.16,1.24
2023-12-26,300406,19.12,18.09,19.28,17.73,77297,148904364.0,8.2,-4.34,-0.82,1.83
2023-12-27,300406,18.09,18.76,18.86,17.98,70173,137809143.0,4.86,3.7,0.67,1.66
2023-12-28,300406,18.9,18.06,18.9,17.96,63291,122388488.0,5.01,-3.73,-0.7,1.5
2023-12-29,300406,18.04,18.01,18.4,17.94,51992,99838971.0,2.55,-0.28,-0.05,1.23
2024-01-02,300406,18.03,18.67,19.04,17.86,70511,138895320.0,6.55,3.66,0.66,1.67
2024-01-03,300406,18.66,19.43,20.65,18.56,139679,289220976.0,11.19,4.07,0.76,3.31
2024-01-04,300406,19.12,19.17,19.31,18.54,77854,155691086.0,3.96,-1.34,-0.26,1.85
2024-01-05,300406,19.04,18.94,19.39,18.84,52968,106634776.0,2.87,-1.2,-0.23,1.26
2024-01-08,300406,18.91,17.58,18.92,17.48,76534,146131894.0,7.6,-7.18,-1.36,1.81
2024-01-09,300406,17.36,18.6,18.7,17.35,87028,167241810.0,7.68,5.8,1.02,2.06
2024-01-10,300406,18.41,18.06,18.43,17.99,45199,87211521.0,2.37,-2.9,-0.54,1.07
2024-01-11,300406,18.03,18.13,18.49,17.84,32468,62385049.0,3.6,0.39,0.07,0.77
2024-01-12,300406,18.04,18.09,18.42,17.87,28578,55211252.0,3.03,-0.22,-0.04,0.68
2024-01-15,300406,18.08,18.31,18.57,17.89,46087,89247526.0,3.76,1.22,0.22,1.09
2024-01-16,300406,18.31,18.12,18.45,17.88,29618,56787164.0,3.11,-1.04,-0.19,0.7
2024-01-17,300406,18.21,17.91,18.43,17.88,28040,54005528.0,3.04,-1.16,-0.21,0.66
2024-01-18,300406,17.71,17.61,17.74,16.86,39369,72231514.0,4.91,-1.68,-0.3,0.93
2024-01-19,300406,17.43,17.61,18.09,17.41,26260,49666562.0,3.86,0.0,0.0,0.62
2024-01-22,300406,17.51,16.29,17.62,16.02,44054,78697034.0,9.09,-7.5,-1.32,1.04
2024-01-23,300406,16.61,17.22,17.38,16.41,48495,87635472.0,5.95,5.71,0.93,1.15
2024-01-24,300406,17.22,16.96,17.4,16.41,35485,63589724.0,5.75,-1.51,-0.26,0.84
2024-01-25,300406,16.95,18.26,18.27,16.83,47364,89712227.0,8.49,7.67,1.3,1.12
2024-01-26,300406,18.19,18.17,19.0,18.1,52903,103921928.0,4.93,-0.49,-0.09,1.25
2024-01-29,300406,18.1,17.72,18.4,17.65,32188,61312579.0,4.13,-2.48,-0.45,0.76
2024-01-30,300406,17.66,16.87,17.66,16.79,32307,59048749.0,4.91,-4.8,-0.85,0.77
2024-01-31,300406,16.82,16.13,16.82,16.04,35900,62708398.0,4.62,-4.39,-0.74,0.85
2024-02-01,300406,16.04,15.91,16.63,15.71,43015,74120235.0,5.7,-1.36,-0.22,1.02
2024-02-02,300406,15.93,15.54,16.67,14.91,55485,93245931.0,11.06,-2.33,-0.37,1.31
2024-02-05,300406,15.54,16.31,16.71,15.01,87126,148442770.0,10.94,4.95,0.77,2.06
2024-02-06,300406,16.09,18.01,18.36,15.95,74290,136133796.0,14.78,10.42,1.7,1.76
2024-02-07,300406,18.01,18.47,18.76,17.92,56775,111117644.0,4.66,2.55,0.46,1.35
2024-02-08,300406,18.32,18.51,20.18,18.26,84372,172435801.0,10.4,0.22,0.04,2.0
2024-02-19,300406,18.75,18.66,19.11,18.22,62444,122956119.0,4.81,0.81,0.15,1.48
2024-02-20,300406,18.53,18.43,18.87,18.21,38953,76197223.0,3.54,-1.23,-0.23,0.92
2024-02-21,300406,18.45,18.49,18.89,18.08,39940,78643735.0,4.4,0.33,0.06,0.95
2024-02-22,300406,18.46,18.62,18.64,18.27,26841,52464779.0,2.0,0.7,0.13,0.64
2024-02-23,300406,18.8,18.43,18.81,18.05,48736,94601034.0,4.08,-1.02,-0.19,1.15
2024-02-26,300406,18.43,18.92,19.16,18.17,45888,90882796.0,5.37,2.66,0.49,1.09
2024-02-27,300406,18.79,19.21,19.26,18.54,41865,83727742.0,3.81,1.53,0.29,0.99
2024-02-28,300406,19.17,18.66,19.62,18.66,52071,105578041.0,5.0,-2.86,-0.55,1.23
2024-02-29,300406,18.57,19.68,19.9,18.45,79059,162945411.0,7.77,5.47,1.02,1.87
2024-03-01,300406,19.6,20.21,20.29,19.27,75042,158089547.0,5.18,2.69,0.53,1.78
2024-03-04,300406,20.21,20.45,20.69,19.89,54207,115772102.0,3.96,1.19,0.24,1.28
2024-03-05,300406,20.31,19.94,20.4,19.61,43120,90871900.0,3.86,-2.49,-0.51,1.02
2024-03-06,300406,19.83,19.95,20.26,19.39,32187,67229495.0,4.36,0.05,0.01,0.76
2024-03-07,300406,19.89,19.38,20.09,19.32,40438,83653625.0,3.86,-2.86,-0.57,0.96
2024-03-08,300406,19.3,19.57,19.72,19.15,30690,62885595.0,2.94,0.98,0.19,0.73
2024-03-11,300406,19.52,19.89,19.96,19.33,34310,71173519.0,3.22,1.64,0.32,0.81
2024-03-12,300406,19.89,19.81,20.21,19.65,35849,75341925.0,2.82,-0.4,-0.08,0.85
2024-03-13,300406,19.78,19.98,20.16,19.61,26698,56053159.0,2.78,0.86,0.17,0.63
2024-03-14,300406,20.1,19.8,20.35,19.6,31631,66350629.0,3.75,-0.9,-0.18,0.75
2024-03-15,300406,19.68,20.01,20.07,19.52,29030,60802681.0,2.78,1.06,0.21,0.69
2024-03-18,300406,19.96,19.64,20.04,19.16,57985,119243756.0,4.4,-1.85,-0.37,1.37
2024-03-19,300406,19.64,19.28,19.67,19.19,35907,73430150.0,2.44,-1.83,-0.36,0.85
2024-03-20,300406,19.28,19.45,19.53,18.93,34970,71080022.0,3.11,0.88,0.17,0.83
2024-03-21,300406,19.43,19.04,19.49,18.83,50670,102100465.0,3.39,-2.11,-0.41,1.2
2024-03-22,300406,19.04,18.73,19.04,18.48,47021,92878300.0,2.94,-1.63,-0.31,1.11
2024-03-25,300406,18.65,18.1,18.94,18.04,34737,67792390.0,4.81,-3.36,-0.63,0.82
2024-03-26,300406,18.12,17.97,18.27,17.75,37917,72379196.0,2.87,-0.72,-0.13,0.9
2024-03-27,300406,18.0,17.61,18.2,17.59,28349,53910930.0,3.39,-2.0,-0.36,0.67
2024-03-28,300406,17.66,17.54,17.95,17.41,50353,94614846.0,3.07,-0.4,-0.07,1.19
2024-03-29,300406,17.54,18.21,18.21,17.51,30294,57616981.0,3.99,3.82,0.67,0.72
2024-04-01,300406,18.3,17.69,18.43,17.44,109318,205412107.0,5.44,-2.86,-0.52,2.59
2024-04-02,300406,17.71,17.89,17.91,17.49,50114,94396807.0,2.37,1.13,0.2,1.19
2024-04-03,300406,17.78,16.96,17.82,16.81,99615,181749663.0,5.65,-5.2,-0.93,2.36
2024-04-08,300406,16.83,16.48,16.91,16.44,43431,77161660.0,2.77,-2.83,-0.48,1.03
2024-04-09,300406,16.45,16.89,16.98,16.33,49262,87359985.0,3.94,2.49,0.41,1.17
2024-04-10,300406,16.83,16.5,16.84,16.39,29778,52654878.0,2.66,-2.31,-0.39,0.71
2024-04-11,300406,16.42,16.5,16.81,16.38,32846,58034730.0,2.61,0.0,0.0,0.78
2024-04-12,300406,16.51,16.3,16.64,16.27,35271,61716018.0,2.24,-1.21,-0.2,0.84
2024-04-15,300406,16.34,16.54,16.71,16.12,47536,83579176.0,3.62,1.47,0.24,1.13
2024-04-16,300406,16.49,15.9,16.78,15.81,47398,82062237.0,5.86,-3.87,-0.64,1.12
2024-04-17,300406,16.09,16.44,16.56,16.03,59249,103019523.0,3.33,3.4,0.54,1.4
2024-04-18,300406,16.45,16.11,16.54,16.01,46264,80309998.0,3.22,-2.01,-0.33,1.1
2024-04-19,300406,16.11,15.98,16.15,15.69,56228,95655781.0,2.86,-0.81,-0.13,1.33
2024-04-22,300406,15.97,16.33,16.45,15.78,81674,141354197.0,4.19,2.19,0.35,1.93
2024-04-23,300406,16.38,16.21,16.47,15.79,51511,88485950.0,4.16,-0.73,-0.12,1.22
2024-04-24,300406,16.0,16.1,16.22,15.92,53703,91986641.0,1.85,-0.68,-0.11,1.27
2024-04-25,300406,16.07,16.37,16.49,15.7,111169,191666504.0,4.91,1.68,0.27,2.63
2024-04-26,300406,16.23,16.66,16.68,16.18,69790,122724810.0,3.05,1.77,0.29,1.65
2024-04-29,300406,16.74,17.4,17.54,16.52,118887,215960012.0,6.12,4.44,0.74,2.82
2024-04-30,300406,17.4,17.44,17.77,17.14,62729,116635078.0,3.62,0.23,0.04,1.49
2024-05-06,300406,17.5,17.81,17.95,17.45,58846,110973156.0,2.87,2.12,0.37,1.39
2024-05-07,300406,17.88,17.72,17.98,17.61,42177,78610470.0,2.08,-0.51,-0.09,1.0
2024-05-08,300406,17.69,17.67,17.95,17.44,40587,75254870.0,2.88,-0.28,-0.05,0.96
2024-05-09,300406,17.48,17.75,17.95,17.48,40147,74843546.0,2.66,0.45,0.08,0.95
2024-05-10,300406,17.78,17.29,17.78,17.26,46303,84683224.0,2.93,-2.59,-0.46,1.1
2024-05-13,300406,17.19,16.84,17.27,16.72,43607,77870435.0,3.18,-2.6,-0.45,1.03
2024-05-14,300406,17.01,16.92,17.06,16.77,34926,62215472.0,1.72,0.48,0.08,0.83
2024-05-15,300406,16.99,16.74,16.99,16.61,20305,35912413.0,2.25,-1.06,-0.18,0.48
2024-05-16,300406,16.83,16.48,16.92,16.43,30626,53754011.0,2.93,-1.55,-0.26,0.73
2024-05-17,300406,16.54,16.45,16.59,16.03,59447,102225337.0,3.4,-0.18,-0.03,1.41
2024-05-20,300406,16.41,16.37,16.54,16.24,52038,89729131.0,1.82,-0.49,-0.08,1.23
2024-05-21,300406,16.41,16.27,16.41,16.09,40778,69798397.0,1.95,-0.61,-0.1,0.97
2024-05-22,300406,16.3,16.6,16.64,16.28,44939,77973520.0,2.21,2.03,0.33,1.06
2024-05-23,300406,16.56,16.23,16.57,16.14,30839,52994240.0,2.59,-2.23,-0.37,0.73
2024-05-24,300406,16.12,16.11,16.34,15.98,31626,53792370.0,2.22,-0.74,-0.12,0.75
2024-05-27,300406,16.01,16.29,16.3,15.72,39201,66201052.0,3.6,1.12,0.18,0.93
2024-05-28,300406,16.33,16.02,16.33,16.0,35483,60273942.0,2.03,-1.66,-0.27,0.84
2024-05-29,300406,15.93,16.04,16.16,15.92,23418,39605682.0,1.5,0.12,0.02,0.55
2024-05-30,300406,15.98,16.22,16.24,15.89,21285,36272863.0,2.18,1.12,0.18,0.5
2024-05-31,300406,16.23,16.34,16.51,16.22,30909,53473124.0,1.79,0.74,0.12,0.73
2024-06-03,300406,16.56,15.89,16.6,15.77,57742,97861997.0,5.08,-2.75,-0.45,1.37
2024-06-04,300406,15.98,16.23,16.33,15.76,40848,69696908.0,3.59,2.14,0.34,0.97
2024-06-05,300406,16.26,16.45,16.68,16.17,45282,78750129.0,3.14,1.36,0.22,1.07
2024-06-06,300406,16.46,16.32,16.74,16.27,44261,76779860.0,2.86,-0.79,-0.13,1.05
2024-06-07,300406,16.42,16.42,16.54,16.22,37091,64047326.0,1.96,0.61,0.1,0.88
2024-06-11,300406,16.26,16.69,16.71,16.2,51030,88793676.0,3.11,1.64,0.27,1.21
2024-06-12,300406,16.6,16.69,16.97,16.51,43799,77304999.0,2.76,0.0,0.0,1.04
2024-06-13,300406,16.62,16.22,16.79,16.03,60792,104849069.0,4.55,-2.82,-0.47,1.44
2024-06-14,300406,16.18,15.56,16.33,15.56,121628,203430902.0,4.75,-4.07,-0.66,2.88
2024-06-17,300406,15.62,15.97,16.13,15.53,77005,128500697.0,3.86,2.63,0.41,1.82
2024-06-18,300406,15.99,15.38,15.99,15.19,85364,140036095.0,5.01,-3.69,-0.59,2.02
2024-06-19,300406,15.38,14.72,15.44,14.53,112108,176493596.0,5.92,-4.29,-0.66,2.65
2024-06-20,300406,14.61,14.17,14.83,14.0,105465,159671750.0,5.64,-3.74,-0.55,2.5
2024-06-21,300406,14.19,14.03,14.46,13.99,72662,109234564.0,3.32,-0.99,-0.14,1.72
2024-06-24,300406,13.84,13.88,14.23,13.76,66403,98465429.0,3.35,-1.07,-0.15,1.57
2024-06-25,300406,13.91,14.02,14.31,13.86,57657,85925778.0,3.24,1.01,0.14,1.37
2024-06-26,300406,14.06,15.24,15.26,14.03,116128,181962920.0,8.77,8.7,1.22,2.75
2024-06-27,300406,15.32,14.56,15.34,14.41,71631,111507403.0,6.1,-4.46,-0.68,1.7
2024-06-28,300406,14.53,14.49,14.8,14.34,50841,78599365.0,3.16,-0.48,-0.07,1.2
2024-07-01,300406,14.37,14.76,14.78,14.19,38528,59400168.0,4.07,1.86,0.27,0.91
2024-07-02,300406,14.79,14.62,14.9,14.51,28720,44619118.0,2.64,-0.95,-0.14,0.68
2024-07-03,300406,14.61,14.47,14.67,14.41,26105,40195661.0,1.78,-1.03,-0.15,0.62
2024-07-04,300406,14.4,14.12,14.5,14.01,54054,81411554.0,3.39,-2.42,-0.35,1.28
2024-07-05,300406,14.11,14.41,14.5,14.06,42968,65182345.0,3.12,2.05,0.29,1.02
2024-07-08,300406,14.32,14.09,14.43,14.02,41105,61680477.0,2.85,-2.22,-0.32,0.97
2024-07-09,300406,14.05,14.25,14.37,13.89,38389,57604729.0,3.41,1.14,0.16,0.91
2024-07-10,300406,14.16,14.11,14.39,14.09,23077,34794572.0,2.11,-0.98,-0.14,0.55
2024-07-11,300406,14.26,13.83,14.39,13.78,91238,135481257.0,4.32,-1.98,-0.28,2.16
2024-07-12,300406,13.78,13.58,14.05,13.41,64465,93823159.0,4.63,-1.81,-0.25,1.52
2024-07-15,300406,13.51,13.32,13.57,13.19,44757,63472837.0,2.8,-1.91,-0.26,1.06
2024-07-16,300406,13.32,13.27,13.39,13.2,22732,32216368.0,1.43,-0.38,-0.05,0.54
2024-07-17,300406,13.3,13.37,13.44,13.12,36136,51368140.0,2.41,0.75,0.1,0.85
2024-07-18,300406,13.24,13.26,13.34,13.06,43657,61596871.0,2.09,-0.82,-0.11,1.03
2024-07-19,300406,13.27,13.41,13.56,13.18,34849,49718485.0,2.87,1.13,0.15,0.82
2024-07-22,300406,13.41,13.28,13.5,13.19,36155,51426639.0,2.31,-0.97,-0.13,0.85
2024-07-23,300406,13.28,12.69,13.29,12.69,53560,73641005.0,4.52,-4.44,-0.59,1.27
2024-07-24,300406,12.66,12.39,12.73,12.3,54254,72542132.0,3.39,-2.36,-0.3,1.28
2024-07-25,300406,12.33,12.33,12.53,12.22,29331,38901736.0,2.5,-0.48,-0.06,0.69
2024-07-26,300406,12.34,12.3,12.59,12.24,36885,48858365.0,2.84,-0.24,-0.03,0.87
2024-07-29,300406,12.3,12.05,12.31,11.93,40853,52954159.0,3.09,-2.03,-0.25,0.97
2024-07-30,300406,12.09,12.06,12.09,11.71,44291,56717598.0,3.15,0.08,0.01,1.05
2024-07-31,300406,12.07,12.74,12.74,11.97,49650,66557553.0,6.38,5.64,0.68,1.17
2024-08-01,300406,12.82,12.55,12.86,12.44,47532,64140434.0,3.3,-1.49,-0.19,1.12
2024-08-02,300406,12.46,12.62,12.86,12.41,49395,67147917.0,3.59,0.56,0.07,1.17
2024-08-05,300406,12.56,12.46,12.91,12.46,57730,78499546.0,3.57,-1.27,-0.16,1.36
2024-08-06,300406,12.56,13.04,13.05,12.51,67183,92276518.0,4.33,4.65,0.58,1.59
2024-08-07,300406,13.04,13.01,13.24,12.86,38025,53058023.0,2.91,-0.23,-0.03,0.9
2024-08-08,300406,12.97,13.17,13.34,12.92,37684,53117177.0,3.23,1.23,0.16,0.89
2024-08-09,300406,13.21,12.88,13.33,12.87,29814,41440860.0,3.49,-2.2,-0.29,0.7
2024-08-12,300406,13.01,13.18,13.46,12.93,52103,73411888.0,4.11,2.33,0.3,1.23
2024-08-13,300406,13.26,13.13,13.43,12.96,29937,41776959.0,3.57,-0.38,-0.05,0.71
2024-08-14,300406,13.12,12.82,13.21,12.74,29387,40508330.0,3.58,-2.36,-0.31,0.69
2024-08-15,300406,12.71,12.76,12.99,12.58,47103,64331938.0,3.2,-0.47,-0.06,1.11
2024-08-16,300406,12.69,12.84,12.94,12.58,27850,38065094.0,2.82,0.63,0.08,0.66
2024-08-19,300406,12.98,12.73,13.01,12.71,25511,35020328.0,2.34,-0.86,-0.11,0.6
2024-08-20,300406,12.62,12.35,12.71,12.19,53338,70690004.0,4.08,-2.99,-0.38,1.26
2024-08-21,300406,12.35,12.18,12.43,12.1,25849,33894459.0,2.67,-1.38,-0.17,0.61
2024-08-22,300406,12.21,12.01,12.27,11.97,29019,37519146.0,2.46,-1.4,-0.17,0.69
2024-08-23,300406,11.98,12.02,12.09,11.85,33925,43603850.0,2.0,0.08,0.01,0.8
2024-08-26,300406,12.01,11.8,12.07,11.77,30110,38453798.0,2.5,-1.83,-0.22,0.71
2024-08-27,300406,11.74,11.9,12.09,11.71,38472,49327778.0,3.22,0.85,0.1,0.91
2024-08-28,300406,11.89,11.76,11.94,11.51,28184,35660973.0,3.61,-1.18,-0.14,0.67
2024-08-29,300406,11.77,12.0,12.09,11.68,29999,38463560.0,3.49,2.04,0.24,0.71
2024-08-30,300406,12.0,12.07,12.36,11.88,50991,66379097.0,4.0,0.58,0.07,1.2
2024-09-02,300406,12.02,11.42,12.07,11.41,52497,65844733.0,5.47,-5.39,-0.65,1.24
2024-09-03,300406,11.38,11.62,11.84,11.33,36943,46262078.0,4.47,1.75,0.2,0.87
2024-09-04,300406,11.6,11.68,11.85,11.53,25800,32521103.0,2.75,0.52,0.06,0.61
2024-09-05,300406,11.68,11.88,12.03,11.66,31941,40763273.0,3.17,1.71,0.2,0.75
2024-09-06,300406,11.76,11.37,11.94,11.29,46288,57227220.0,5.47,-4.29,-0.51,1.09
2024-09-09,300406,11.32,11.32,11.53,11.26,29027,35638706.0,2.37,-0.44,-0.05,0.69
2024-09-10,300406,11.36,11.18,11.41,11.01,35697,43057358.0,3.53,-1.24,-0.14,0.84
2024-09-11,300406,11.29,11.2,11.33,11.06,26258,31784658.0,2.42,0.18,0.02,0.62
2024-09-12,300406,11.25,11.04,11.43,11.03,28622,34623782.0,3.57,-1.43,-0.16,0.68
2024-09-13,300406,11.03,10.8,11.04,10.79,26872,31686785.0,2.26,-2.17,-0.24,0.63
2024-09-18,300406,10.84,10.55,10.9,10.44,31723,36456788.0,4.26,-2.31,-0.25,0.75
2024-09-19,300406,10.63,10.63,10.92,10.44,44881,51879863.0,4.55,0.76,0.08,1.06
2024-09-20,300406,10.64,10.41,10.65,10.29,39515,44714465.0,3.39,-2.07,-0.22,0.93
2024-09-23,300406,10.38,10.31,10.59,10.26,36080,40576078.0,3.17,-0.96,-0.1,0.85
2024-09-24,300406,10.35,10.84,10.86,10.12,85086,97081014.0,7.18,5.14,0.53,2.01
2024-09-25,300406,11.1,10.98,11.42,10.96,80782,97365318.0,4.24,1.29,0.14,1.91
2024-09-26,300406,10.95,11.65,11.66,10.83,79100,96229107.0,7.56,6.1,0.67,1.87
2024-09-27,300406,11.79,12.41,12.76,11.77,96160,126249414.0,8.5,6.52,0.76,2.27
2024-09-30,300406,13.0,13.96,14.21,12.76,199885,288411796.0,11.68,12.49,1.55,4.73
2024-10-08,300406,16.61,15.36,16.61,14.22,223691,360776981.0,17.12,10.03,1.4,5.29
2024-10-09,300406,14.81,13.65,14.81,13.36,149718,225291232.0,9.44,-11.13,-1.71,3.54
2024-10-10,300406,13.64,13.43,14.23,13.32,118932,173832794.0,6.67,-1.61,-0.22,2.81
2024-10-11,300406,13.44,12.58,13.49,12.37,95809,131299571.0,8.34,-6.33,-0.85,2.27
2024-10-14,300406,12.64,12.72,12.76,12.21,98876,132411610.0,4.37,1.11,0.14,2.34
2024-10-15,300406,12.64,12.33,12.82,12.31,73486,98933191.0,4.01,-3.07,-0.39,1.74
2024-10-16,300406,12.17,12.26,12.49,12.09,60626,79829070.0,3.24,-0.57,-0.07,1.43
2024-10-17,300406,12.4,12.23,12.54,12.23,49380,65606491.0,2.53,-0.24,-0.03,1.17
2024-10-18,300406,12.17,12.74,13.12,12.16,102708,138931954.0,7.85,4.17,0.51,2.43
2024-10-21,300406,12.96,12.89,13.05,12.69,79192,108988808.0,2.83,1.18,0.15,1.87
2024-10-22,300406,12.9,13.16,13.28,12.77,70103,97562957.0,3.96,2.09,0.27,1.66
2024-10-23,300406,13.29,13.15,13.32,13.02,66729,93752056.0,2.28,-0.08,-0.01,1.58
2024-10-24,300406,13.19,13.04,13.37,13.01,61311,86249623.0,2.74,-0.84,-0.11,1.45
2024-10-25,300406,13.09,13.42,13.43,12.94,75212,106096710.0,3.76,2.91,0.38,1.78
2024-10-28,300406,13.42,13.47,13.48,13.25,68128,97336650.0,1.71,0.37,0.05,1.61
2024-10-29,300406,13.53,13.11,13.7,13.05,97338,138466194.0,4.83,-2.67,-0.36,2.3
2024-10-30,300406,13.0,12.82,13.21,12.61,79749,109877833.0,4.58,-2.21,-0.29,1.89
2024-10-31,300406,12.82,12.86,13.01,12.72,55876,76755465.0,2.26,0.31,0.04,1.32
2024-11-01,300406,12.76,12.56,12.9,12.52,68393,92697103.0,2.95,-2.33,-0.3,1.62
2024-11-04,300406,12.56,12.63,12.74,12.52,64732,87343583.0,1.75,0.56,0.07,1.53
2024-11-05,300406,12.63,13.05,13.08,12.54,94296,130028098.0,4.28,3.33,0.42,2.22
2024-11-06,300406,13.06,13.15,13.46,13.0,104507,147383226.0,3.52,0.77,0.1,2.46
2024-11-07,300406,13.13,13.93,13.93,13.07,127335,184489338.0,6.54,5.93,0.78,3.0
2024-11-08,300406,14.12,13.81,14.23,13.72,123956,183361271.0,3.66,-0.86,-0.12,2.92
2024-11-11,300406,13.67,13.96,14.01,13.61,87504,128802961.0,2.9,1.09,0.15,2.06
2024-11-12,300406,14.11,14.7,15.38,14.08,243678,383765052.0,9.31,5.3,0.74,5.74
2024-11-13,300406,14.76,14.37,14.88,14.14,133094,203651972.0,5.03,-2.24,-0.33,3.14
2024-11-14,300406,14.38,13.8,14.45,13.72,82899,124218541.0,5.08,-3.97,-0.57,1.95
2024-11-15,300406,13.87,13.59,13.98,13.54,65678,96518735.0,3.19,-1.52,-0.21,1.55
2024-11-18,300406,13.61,13.71,14.01,13.37,100129,145974072.0,4.71,0.88,0.12,2.36
2024-11-19,300406,13.76,14.08,14.26,13.71,91355,135416965.0,4.01,2.7,0.37,2.15
2024-11-20,300406,14.11,14.09,14.23,13.97,101451,151960775.0,1.85,0.07,0.01,2.39
2024-11-21,300406,13.97,13.96,14.2,13.81,70018,104083847.0,2.77,-0.92,-0.13,1.65
2024-11-22,300406,13.92,13.11,13.98,13.11,88079,127176021.0,6.23,-6.09,-0.85,2.08
2024-11-25,300406,13.14,13.25,13.36,13.01,51814,73050875.0,2.67,1.07,0.14,1.22
2024-11-26,300406,13.23,13.27,13.55,13.17,50427,71931868.0,2.87,0.15,0.02,1.19
2024-11-27,300406,13.13,13.49,13.5,12.87,58115,81606422.0,4.75,1.66,0.22,1.37
2024-11-28,300406,13.44,13.34,13.5,13.26,48730,69445485.0,1.78,-1.11,-0.15,1.15
2024-11-29,300406,13.3,13.43,13.59,13.14,59295,84901107.0,3.37,0.67,0.09,1.4
2024-12-02,300406,13.44,13.96,13.99,13.36,78230,115017791.0,4.69,3.95,0.53,1.84
2024-12-03,300406,13.97,13.81,13.97,13.66,55116,80795430.0,2.22,-1.07,-0.15,1.3
2024-12-04,300406,13.71,13.49,13.8,13.41,53263,77020225.0,2.82,-2.32,-0.32,1.25
2024-12-05,300406,13.46,13.53,13.58,13.37,43178,62032851.0,1.56,0.3,0.04,1.02
2024-12-06,300406,13.56,13.78,13.8,13.37,62775,91175049.0,3.18,1.85,0.25,1.48
2024-12-09,300406,13.84,13.84,14.09,13.71,69525,102693692.0,2.76,0.44,0.06,1.64
2024-12-10,300406,14.13,13.89,14.27,13.87,97484,145704236.0,2.89,0.36,0.05,2.3
2024-12-11,300406,13.88,14.11,14.15,13.84,61372,91498016.0,2.23,1.58,0.22,1.45
2024-12-12,300406,14.13,14.41,14.43,14.01,85161,128710959.0,2.98,2.13,0.3,2.01
2024-12-13,300406,14.31,13.86,14.32,13.76,95855,142453248.0,3.89,-3.82,-0.55,2.26
2024-12-16,300406,13.82,13.55,13.94,13.45,59189,85927353.0,3.54,-2.24,-0.31,1.39
2024-12-17,300406,13.56,13.26,13.58,13.23,59328,84585576.0,2.58,-2.14,-0.29,1.4
2024-12-18,300406,13.33,13.4,13.61,13.23,48586,69528202.0,2.87,1.06,0.14,1.14
2024-12-19,300406,13.23,13.46,13.52,13.08,50999,72284236.0,3.28,0.45,0.06,1.2
2024-12-20,300406,13.39,13.57,13.71,13.36,47243,68367259.0,2.6,0.82,0.11,1.11
2024-12-23,300406,13.53,13.07,13.57,13.05,61813,87301147.0,3.83,-3.68,-0.5,1.46
2024-12-24,300406,13.17,13.28,13.39,13.07,40750,57482254.0,2.45,1.61,0.21,0.96
2024-12-25,300406,13.35,13.07,13.48,12.99,40683,56994334.0,3.69,-1.58,-0.21,0.96
2024-12-26,300406,13.02,13.01,13.16,12.96,33245,46418173.0,1.53,-0.46,-0.06,0.78
2024-12-27,300406,13.05,13.08,13.21,12.81,45954,63953213.0,3.07,0.54,0.07,1.08
2024-12-30,300406,13.06,12.94,13.06,12.87,36085,49939890.0,1.45,-1.07,-0.14,0.85
2024-12-31,300406,12.9,12.47,12.96,12.44,60201,81235440.0,4.02,-3.63,-0.47,1.42
2025-01-02,300406,12.5,11.99,12.57,11.86,58919,77287972.0,5.69,-3.85,-0.48,1.39
2025-01-03,300406,11.99,11.89,12.2,11.81,44074,56743678.0,3.25,-0.83,-0.1,1.04
2025-01-06,300406,11.92,12.26,12.32,11.89,56185,73485161.0,3.62,3.11,0.37,1.32
2025-01-07,300406,12.23,12.18,12.26,12.03,41076,53594487.0,1.88,-0.65,-0.08,0.97
2025-01-08,300406,12.18,12.0,12.23,11.73,48096,61887565.0,4.11,-1.48,-0.18,1.13
2025-01-09,300406,11.96,11.82,12.03,11.77,38961,49828306.0,2.17,-1.5,-0.18,0.92
2025-01-10,300406,11.79,11.57,11.89,11.55,35034,44094727.0,2.88,-2.12,-0.25,0.83
2025-01-13,300406,11.47,11.65,11.7,11.44,23279,29061068.0,2.25,0.69,0.08,0.55
2025-01-14,300406,11.66,12.06,12.08,11.61,43203,55190465.0,4.03,3.52,0.41,1.02
2025-01-15,300406,12.06,11.88,12.06,11.8,39968,51005657.0,2.16,-1.49,-0.18,0.94
2025-01-16,300406,11.95,11.87,12.12,11.77,32832,42169359.0,2.95,-0.08,-0.01,0.77
2025-01-17,300406,11.87,12.0,12.04,11.74,29103,37224980.0,2.53,1.1,0.13,0.69
2025-01-20,300406,12.11,12.07,12.33,12.02,37629,49027476.0,2.58,0.58,0.07,0.89
2025-01-21,300406,12.13,12.01,12.15,11.8,33790,43336679.0,2.9,-0.5,-0.06,0.8
2025-01-22,300406,11.93,11.83,11.96,11.74,32817,41725449.0,1.83,-1.5,-0.18,0.77
2025-01-23,300406,11.97,12.19,12.23,11.87,67248,87211103.0,3.04,3.04,0.36,1.58
2025-01-24,300406,12.11,12.17,12.26,11.96,63337,82380741.0,2.46,-0.16,-0.02,1.49
2025-01-27,300406,12.17,12.31,12.36,12.17,48669,64096682.0,1.56,1.15,0.14,1.15
2025-02-05,300406,12.37,12.52,12.58,12.21,60908,80907944.0,3.01,1.71,0.21,1.44
2025-02-06,300406,12.52,12.59,12.61,12.35,48233,64516754.0,2.08,0.56,0.07,1.14
2025-02-07,300406,12.58,12.72,12.81,12.49,66250,89833300.0,2.54,1.03,0.13,1.56
2025-02-10,300406,12.75,13.6,13.69,12.7,135449,191724377.0,7.78,6.92,0.88,3.19
2025-02-11,300406,13.6,13.7,13.93,13.34,125412,182589740.0,4.34,0.74,0.1,2.95
2025-02-12,300406,13.66,13.42,13.75,13.33,88681,127154790.0,3.07,-2.04,-0.28,2.09
2025-02-13,300406,13.5,13.33,13.56,13.29,54565,77931620.0,2.01,-0.67,-0.09,1.29
2025-02-14,300406,13.33,14.49,14.76,13.28,256833,387436095.0,11.1,8.7,1.16,6.05
2025-02-17,300406,14.75,15.2,15.31,14.5,276289,438640718.0,5.59,4.9,0.71,6.51
2025-02-18,300406,14.91,14.78,15.19,14.68,207032,327123714.0,3.36,-2.76,-0.42,4.88
2025-02-19,300406,14.77,15.62,16.19,14.56,284234,464192821.0,11.03,5.68,0.84,6.7
2025-02-20,300406,15.62,16.09,16.91,15.62,240423,415061954.0,8.26,3.01,0.47,5.66
2025-02-21,300406,16.2,15.97,16.46,15.87,127511,215893058.0,3.67,-0.75,-0.12,3.0
2025-02-24,300406,16.06,16.87,17.07,15.91,228660,401853295.0,7.26,5.64,0.9,5.39
2025-02-25,300406,16.67,16.09,16.81,16.03,163388,282096540.0,4.62,-4.62,-0.78,3.85
2025-02-26,300406,16.15,16.06,16.21,15.67,113226,190502571.0,3.36,-0.19,-0.03,2.67
2025-02-27,300406,16.21,16.03,16.25,15.65,102042,171392653.0,3.74,-0.19,-0.03,2.4
2025-02-28,300406,16.01,15.49,16.24,15.37,134916,223055366.0,5.43,-3.37,-0.54,3.18
2025-03-03,300406,15.56,15.97,16.31,15.5,95915,161578041.0,5.23,3.1,0.48,2.26
2025-03-04,300406,15.91,16.55,16.75,15.72,134167,231090639.0,6.45,3.63,0.58,3.16
2025-03-05,300406,16.86,16.13,16.86,16.06,73784,126346983.0,4.83,-2.54,-0.42,1.74
2025-03-06,300406,16.31,16.44,16.57,16.15,89591,154450281.0,2.6,1.92,0.31,2.11
2025-03-07,300406,16.55,15.8,16.55,15.71,88901,150470735.0,5.11,-3.89,-0.64,2.09
2025-03-10,300406,16.61,16.42,16.72,16.01,206384,357201677.0,4.49,3.92,0.62,4.86
2025-03-11,300406,16.31,16.71,16.78,15.88,109721,189123770.0,5.48,1.77,0.29,2.59
2025-03-12,300406,16.76,16.21,16.81,16.17,74612,128743321.0,3.83,-2.99,-0.5,1.76
2025-03-13,300406,16.18,15.76,16.26,15.66,52072,87212793.0,3.7,-2.78,-0.45,1.23
2025-03-14,300406,15.71,15.82,15.88,15.59,46725,77732801.0,1.84,0.38,0.06,1.1
2025-03-17,300406,15.82,15.5,15.93,15.48,92174,152079596.0,2.84,-2.02,-0.32,2.17
2025-03-18,300406,15.57,15.96,16.16,15.37,78873,132562167.0,5.1,2.97,0.46,1.86
2025-03-19,300406,15.9,15.85,16.0,15.73,38828,64947638.0,1.69,-0.69,-0.11,0.91
2025-03-20,300406,15.72,15.53,15.83,15.49,37257,61391429.0,2.15,-2.02,-0.32,0.88
2025-03-21,300406,15.53,15.15,15.59,15.07,51044,82412177.0,3.35,-2.45,-0.38,1.2
2025-03-24,300406,15.16,15.2,15.4,15.0,33742,54218493.0,2.64,0.33,0.05,0.8
2025-03-25,300406,15.19,15.06,15.39,14.9,51785,82765075.0,3.22,-0.92,-0.14,1.22
2025-03-26,300406,15.12,15.15,15.36,15.06,26235,42170551.0,1.99,0.6,0.09,0.62
2025-03-27,300406,15.07,15.04,15.22,14.89,39754,63221606.0,2.18,-0.73,-0.11,0.94
2025-03-28,300406,15.19,15.0,15.3,14.96,31469,50365127.0,2.26,-0.27,-0.04,0.74
2025-03-31,300406,15.0,14.75,15.1,14.62,43998,69009032.0,3.2,-1.67,-0.25,1.04
2025-04-01,300406,14.75,15.44,15.63,14.75,71404,116213989.0,5.97,4.68,0.69,1.68
2025-04-02,300406,15.41,15.54,15.76,15.36,51193,84327838.0,2.59,0.65,0.1,1.21
2025-04-03,300406,15.4,15.37,15.79,15.23,44724,73260006.0,3.6,-1.09,-0.17,1.05
2025-04-07,300406,14.11,13.27,14.66,12.83,105757,155438983.0,11.91,-13.66,-2.1,2.49
2025-04-08,300406,13.45,13.7,14.09,13.38,81195,118640001.0,5.35,3.24,0.43,1.91
2025-04-09,300406,13.45,14.07,14.36,12.92,78477,114218391.0,10.51,2.7,0.37,1.85
2025-04-10,300406,14.25,14.35,14.71,14.21,63802,97736428.0,3.55,1.99,0.28,1.5
2025-04-11,300406,14.22,14.15,14.46,14.09,41096,62258943.0,2.58,-1.39,-0.2,0.97
2025-04-14,300406,14.28,14.45,14.69,14.21,38574,59292838.0,3.39,2.12,0.3,0.91
2025-04-15,300406,14.41,14.18,14.47,14.06,34254,51744682.0,2.84,-1.87,-0.27,0.81
2025-04-16,300406,14.1,13.65,14.24,13.43,53370,77970243.0,5.71,-3.74,-0.53,1.26
2025-04-17,300406,13.65,13.7,14.06,13.57,41698,61159331.0,3.59,0.37,0.05,0.98
2025-04-18,300406,13.78,13.85,13.94,13.53,25248,36971847.0,2.99,1.09,0.15,0.6
2025-04-21,300406,13.88,14.28,14.68,13.71,53882,82189405.0,7.0,3.1,0.43,1.27
2025-04-22,300406,14.28,14.1,14.34,14.04,33735,50893682.0,2.1,-1.26,-0.18,0.8
2025-04-23,300406,14.13,13.84,14.45,13.78,55581,82526689.0,4.75,-1.84,-0.26,1.31
2025-04-24,300406,13.93,13.7,14.09,13.65,47087,69306783.0,3.18,-1.01,-0.14,1.11
2025-04-25,300406,13.75,13.65,13.97,13.56,44491,64979123.0,2.99,-0.36,-0.05,1.05
2025-04-28,300406,13.43,12.95,13.54,12.71,111557,153819667.0,6.08,-5.13,-0.7,2.63
2025-04-29,300406,12.99,13.02,13.07,12.77,36729,50900413.0,2.32,0.54,0.07,0.87
2025-04-30,300406,13.03,13.11,13.3,13.02,40074,56262092.0,2.15,0.69,0.09,0.94
2025-05-06,300406,13.34,13.46,13.6,13.14,50611,70209393.0,3.51,2.67,0.35,1.19
2025-05-07,300406,13.58,13.45,13.78,13.34,37257,52282923.0,3.27,-0.07,-0.01,0.88
2025-05-08,300406,13.47,13.18,13.55,13.18,69889,96691449.0,2.75,-2.01,-0.27,1.65
2025-05-09,300406,13.22,13.33,13.38,13.03,50277,68968917.0,2.66,1.14,0.15,1.18
2025-05-12,300406,13.33,13.58,13.69,13.25,49880,69999180.0,3.3,1.88,0.25,1.18
2025-05-13,300406,13.73,13.4,13.74,13.33,67139,93581440.0,3.02,-1.33,-0.18,1.58
2025-05-14,300406,13.41,13.34,13.52,13.22,47084,65232281.0,2.24,-0.45,-0.06,1.11
2025-05-15,300406,13.33,13.13,13.35,13.08,40803,55895852.0,2.02,-1.57,-0.21,0.96
2025-05-16,300406,13.14,12.99,13.15,12.9,55827,75230754.0,1.9,-1.07,-0.14,1.32
2025-05-19,300406,12.69,12.93,12.94,12.3,61652,81725439.0,4.93,-0.46,-0.06,1.45
2025-05-20,300406,12.92,13.07,13.14,12.85,48166,65085908.0,2.24,1.08,0.14,1.14
2025-05-21,300406,13.1,12.82,13.17,12.76,57944,77870592.0,3.14,-1.91,-0.25,1.37
2025-05-22,300406,12.86,12.63,12.89,12.61,42412,55982884.0,2.18,-1.48,-0.19,1.0
2025-05-23,300406,12.63,12.81,13.05,12.63,50870,68024205.0,3.33,1.43,0.18,1.2
2025-05-26,300406,12.8,12.7,12.91,12.55,41452,54679129.0,2.81,-0.86,-0.11,0.98
2025-05-27,300406,12.74,12.8,13.02,12.63,48113,64038243.0,3.07,0.79,0.1,1.13
2025-05-28,300406,12.76,12.63,12.84,12.59,37701,49704575.0,1.95,-1.33,-0.17,0.89
2025-05-29,300406,12.6,13.03,13.04,12.59,63614,85295568.0,3.56,3.17,0.4,1.5
2025-05-30,300406,13.0,13.07,13.22,12.92,48394,65642839.0,2.3,0.31,0.04,1.14
2025-06-03,300406,13.0,13.38,13.41,12.99,66785,92320105.0,3.21,2.37,0.31,1.57
2025-06-04,300406,13.37,13.46,13.47,13.18,52774,73005484.0,2.17,0.6,0.08,1.24
2025-06-05,300406,13.41,13.24,13.49,13.18,59585,82108741.0,2.3,-1.63,-0.22,1.4
2025-06-06,300406,13.28,13.17,13.3,13.09,38065,52026316.0,1.59,-0.53,-0.07,0.9
2025-06-09,300406,13.16,13.4,13.5,13.16,60562,84039687.0,2.58,1.75,0.23,1.43
2025-06-10,300406,13.41,13.27,13.45,13.11,50669,69943902.0,2.54,-0.97,-0.13,1.19
2025-06-11,300406,13.34,13.24,13.4,13.21,39573,54558506.0,1.43,-0.23,-0.03,0.93
2025-06-12,300406,13.17,13.25,13.3,13.12,41731,57147224.0,1.36,0.08,0.01,0.98
2025-06-13,300406,13.2,12.95,13.4,12.91,66593,90709685.0,3.7,-2.26,-0.3,1.57
2025-06-16,300406,12.93,12.95,13.12,12.86,41089,55385199.0,2.01,0.0,0.0,0.97
2025-06-17,300406,13.04,13.02,13.26,12.91,57422,77886574.0,2.7,0.54,0.07,1.35
2025-06-18,300406,12.95,12.75,13.0,12.7,50320,66922031.0,2.3,-2.07,-0.27,1.19
2025-06-19,300406,12.73,12.77,12.99,12.68,57737,76992141.0,2.43,0.16,0.02,1.36
2025-06-20,300406,12.77,12.96,13.3,12.75,71277,96731052.0,4.31,1.49,0.19,1.68
2025-06-23,300406,12.9,13.06,13.19,12.7,58536,78730419.0,3.78,0.77,0.1,1.38
2025-06-24,300406,13.31,13.25,13.47,13.15,92856,128362683.0,2.45,1.45,0.19,2.19
2025-06-25,300406,13.22,13.3,13.3,13.02,80063,109460325.0,2.11,0.38,0.05,1.89
2025-06-26,300406,13.27,13.08,13.35,13.06,56877,77816983.0,2.18,-1.65,-0.22,1.34
2025-06-27,300406,13.07,13.12,13.32,13.06,61117,83541165.0,1.99,0.31,0.04,1.44
2025-06-30,300406,13.16,13.65,13.98,13.01,155153,217863422.0,7.39,4.04,0.53,3.66
2025-07-01,300406,13.62,13.57,13.78,13.47,74603,104908499.0,2.27,-0.59,-0.08,1.76
2025-07-02,300406,13.58,13.44,13.63,13.36,59916,83529733.0,1.99,-0.96,-0.13,1.41
2025-07-03,300406,13.44,13.46,13.6,13.38,62415,87180249.0,1.64,0.15,0.02,1.47
2025-07-04,300406,13.45,13.38,13.75,13.35,75882,106393864.0,2.97,-0.59,-0.08,1.79
2025-07-07,300406,13.39,13.4,13.54,13.33,48807,67893368.0,1.57,0.15,0.02,1.15
2025-07-08,300406,13.38,13.5,13.56,13.31,52377,73219923.0,1.87,0.75,0.1,1.23
2025-07-09,300406,13.5,13.46,13.75,13.42,70833,99542867.0,2.44,-0.3,-0.04,1.67
2025-07-10,300406,13.4,13.5,13.59,13.4,50660,70873816.0,1.41,0.3,0.04,1.19
2025-07-11,300406,13.46,13.63,13.72,13.44,75600,106578352.0,2.07,0.96,0.13,1.78
2025-07-14,300406,13.61,13.68,13.7,13.52,57450,81115743.0,1.32,0.37,0.05,1.35
2025-07-15,300406,13.68,13.57,13.73,13.35,55461,77654757.0,2.78,-0.8,-0.11,1.31
2025-07-16,300406,13.48,13.72,13.75,13.48,56161,79357336.0,1.99,1.11,0.15,1.32
2025-07-17,300406,13.72,13.83,13.88,13.63,66368,94570632.0,1.82,0.8,0.11,1.56
2025-07-18,300406,13.88,13.89,13.9,13.67,57612,82272862.0,1.66,0.43,0.06,1.36
2025-07-21,300406,13.89,13.92,13.99,13.79,63234,91106137.0,1.44,0.22,0.03,1.49
2025-07-22,300406,13.95,13.91,14.0,13.85,58045,83699308.0,1.08,-0.07,-0.01,1.37
2025-07-23,300406,13.89,13.88,14.12,13.81,76075,110129565.0,2.23,-0.22,-0.03,1.79
2025-07-24,300406,13.92,14.25,14.29,13.88,80044,116922614.0,2.95,2.67,0.37,1.89
2025-07-25,300406,14.25,14.31,14.59,14.15,86831,129275062.0,3.09,0.42,0.06,2.05
2025-07-28,300406,14.32,14.28,14.49,14.25,70752,105167049.0,1.68,-0.21,-0.03,1.67
2025-07-29,300406,14.28,14.38,14.38,14.08,70088,103319456.0,2.1,0.7,0.1,1.65
2025-07-30,300406,14.29,14.28,14.58,14.17,72923,108436291.0,2.85,-0.7,-0.1,1.72
2025-07-31,300406,14.23,14.15,14.38,14.09,66406,97937032.0,2.03,-0.91,-0.13,1.56
2025-08-01,300406,14.13,14.23,14.45,14.12,56745,83876154.0,2.33,0.57,0.08,1.34
2025-08-04,300406,14.23,14.65,14.7,14.09,142272,212892413.0,4.29,2.95,0.42,3.35
2025-08-05,300406,14.65,14.56,14.67,14.42,78087,117221291.0,1.71,-0.61,-0.09,1.84
2025-08-06,300406,14.51,14.5,14.69,14.4,71051,106371665.0,1.99,-0.41,-0.06,1.67
2025-08-07,300406,14.5,14.56,14.88,14.46,94815,143531956.0,2.9,0.41,0.06,2.23
2025-08-08,300406,14.51,14.45,14.64,14.3,64987,97135042.0,2.34,-0.76,-0.11,1.53
2025-08-11,300406,14.45,14.61,14.65,14.35,54798,82368917.0,2.08,1.11,0.16,1.29
2025-08-12,300406,14.57,14.64,14.88,14.53,72587,110180258.0,2.4,0.21,0.03,1.71
2025-08-13,300406,14.61,14.8,14.8,14.47,84153,127451982.0,2.25,1.09,0.16,1.98
2025-08-14,300406,14.79,14.41,14.79,14.4,81836,123200026.0,2.64,-2.64,-0.39,1.93
2025-08-15,300406,14.41,14.45,14.52,14.33,68885,102979207.0,1.32,0.28,0.04,1.62
2025-08-18,300406,14.48,14.51,14.68,14.38,88734,133194718.0,2.08,0.42,0.06,2.09
2025-08-19,300406,14.49,14.58,14.68,14.46,75880,114541989.0,1.52,0.48,0.07,1.79
2025-08-20,300406,14.51,14.56,14.57,14.32,71273,106491810.0,1.71,-0.14,-0.02,1.68
2025-08-21,300406,14.58,14.5,14.77,14.47,76453,115455842.0,2.06,-0.41,-0.06,1.8
2025-08-22,300406,14.57,14.43,14.59,14.3,68449,102015755.0,2.0,-0.48,-0.07,1.61
2025-08-25,300406,14.4,14.49,14.64,14.34,91838,137712380.0,2.08,0.42,0.06,2.16
2025-08-26,300406,14.44,14.4,14.57,14.38,70345,105249945.0,1.31,-0.62,-0.09,1.66
2025-08-27,300406,14.45,13.83,14.65,13.8,140155,206853958.0,5.9,-3.96,-0.57,3.3
2025-08-28,300406,13.88,13.68,13.99,13.26,116667,164647561.0,5.28,-1.08,-0.15,2.75
2025-08-29,300406,13.7,13.8,13.9,13.68,65050,92931578.0,1.61,0.88,0.12,1.53
2025-09-01,300406,13.8,14.02,14.09,13.75,69433,100111296.0,2.46,1.59,0.22,1.64
2025-09-02,300406,14.02,13.85,14.07,13.76,61968,89092632.0,2.21,-1.21,-0.17,1.46
2025-09-03,300406,13.87,13.67,13.97,13.62,38646,55134446.0,2.53,-1.3,-0.18,0.91
2025-09-04,300406,13.65,13.66,13.77,13.49,53678,76003495.0,2.05,-0.07,-0.01,1.26
2025-09-05,300406,13.7,13.78,13.79,13.54,48860,67902621.0,1.83,0.88,0.12,1.15
2025-09-08,300406,13.76,14.1,14.15,13.73,74577,105965144.0,3.05,2.32,0.32,1.76
2025-09-09,300406,14.01,13.78,14.07,13.66,66564,93383773.0,2.91,-2.27,-0.32,1.57
2025-09-10,300406,13.78,13.66,13.82,13.66,33673,46843282.0,1.16,-0.87,-0.12,0.79
2025-09-11,300406,13.67,13.81,13.82,13.43,47527,65706289.0,2.86,1.1,0.15,1.12
2025-09-12,300406,13.8,13.73,13.85,13.65,45427,63293326.0,1.45,-0.58,-0.08,1.07
2025-09-15,300406,13.73,13.59,13.76,13.55,35191,48606304.0,1.53,-1.02,-0.14,0.83
2025-09-16,300406,13.63,13.67,13.7,13.51,32225,44489290.0,1.4,0.59,0.08,0.76
2025-09-17,300406,13.68,13.62,13.71,13.59,33323,46093937.0,0.88,-0.37,-0.05,0.79
2025-09-18,300406,13.62,13.47,13.67,13.4,56503,77726993.0,1.98,-1.1,-0.15,1.33
2025-09-19,300406,13.49,13.3,13.56,13.22,39414,53381942.0,2.52,-1.26,-0.17,0.93
2025-09-22,300406,13.37,13.18,13.45,13.12,35833,48198564.0,2.48,-0.9,-0.12,0.84
2025-09-23,300406,13.2,13.14,13.22,12.9,44611,58974369.0,2.43,-0.3,-0.04,1.05
2025-09-24,300406,13.14,13.36,13.39,13.1,31142,42030465.0,2.21,1.67,0.22,0.73
2025-09-25,300406,13.36,13.24,13.44,13.23,25774,34858055.0,1.57,-0.9,-0.12,0.61
2025-09-26,300406,13.22,13.18,13.26,13.06,20790,27815401.0,1.51,-0.45,-0.06,0.49
2025-09-29,300406,13.18,13.09,13.19,12.97,35550,47188939.0,1.67,-0.68,-0.09,0.84
2025-09-30,300406,13.08,13.16,13.2,13.06,29544,39390209.0,1.07,0.53,0.07,0.7
2025-10-09,300406,13.2,13.24,13.28,13.03,36188,48366288.0,1.9,0.61,0.08,0.85
2025-10-10,300406,13.24,13.31,13.36,13.16,33389,44994995.0,1.51,0.53,0.07,0.79
2025-10-13,300406,13.1,13.04,13.11,12.91,45065,59617839.0,1.5,-2.03,-0.27,1.06
2025-10-14,300406,13.08,12.99,13.1,12.95,39315,51985271.0,1.15,-0.38,-0.05,0.93
2025-10-15,300406,13.03,13.15,13.15,12.97,32901,43718912.0,1.39,1.23,0.16,0.78
2025-10-16,300406,13.13,13.08,13.2,13.03,29103,38742607.0,1.29,-0.53,-0.07,0.69
2025-10-17,300406,13.12,12.93,13.2,12.85,51505,67900271.0,2.68,-1.15,-0.15,1.21
2025-10-20,300406,12.95,13.0,13.03,12.9,24154,31752467.0,1.01,0.54,0.07,0.57
2025-10-21,300406,12.99,13.11,13.13,12.91,25497,33776676.0,1.69,0.85,0.11,0.6
2025-10-22,300406,13.07,13.11,13.21,13.05,27280,36391836.0,1.22,0.0,0.0,0.64
2025-10-23,300406,13.1,13.14,13.16,13.0,25439,33726424.0,1.22,0.23,0.03,0.6
2025-10-24,300406,13.15,13.22,13.27,13.11,31600,42392494.0,1.22,0.61,0.08,0.74
2025-10-27,300406,13.28,13.22,13.28,13.2,28722,38587299.0,0.61,0.0,0.0,0.68
2025-10-28,300406,13.18,13.36,13.42,13.12,37946,51294589.0,2.27,1.06,0.14,0.89
2025-10-29,300406,13.36,13.32,13.36,13.15,34361,46142753.0,1.57,-0.3,-0.04,0.81
2025-10-30,300406,13.35,13.23,13.35,13.23,29486,39759225.0,0.9,-0.68,-0.09,0.69
2025-10-31,300406,13.23,13.47,13.52,13.22,44272,60288274.0,2.27,1.81,0.24,1.04
2025-11-03,300406,13.47,13.53,13.54,13.39,36736,50283154.0,1.11,0.45,0.06,0.87
2025-11-04,300406,13.5,13.46,13.51,13.4,27377,37352609.0,0.81,-0.52,-0.07,0.65
2025-11-05,300406,13.45,13.41,13.48,13.37,21851,29763774.0,0.82,-0.37,-0.05,0.51
2025-11-06,300406,13.44,13.44,13.45,13.31,22349,30359424.0,1.04,0.22,0.03,0.53
2025-11-07,300406,13.44,13.45,13.48,13.36,22510,30698299.0,0.89,0.07,0.01,0.53
2025-11-10,300406,13.45,13.64,13.64,13.39,35299,48606333.0,1.86,1.41,0.19,0.83
2025-11-11,300406,13.64,13.77,13.78,13.55,35819,49741231.0,1.69,0.95,0.13,0.84
2025-11-12,300406,13.67,13.75,13.87,13.61,44609,62243413.0,1.89,-0.15,-0.02,1.05
2025-11-13,300406,13.77,13.69,13.78,13.63,42745,59380502.0,1.09,-0.44,-0.06,1.01
2025-11-14,300406,13.66,13.69,13.84,13.63,41223,57593766.0,1.53,0.0,0.0,0.97
2025-11-17,300406,13.69,13.48,13.69,13.44,49248,67441649.0,1.83,-1.53,-0.21,1.16
2025-11-18,300406,13.52,13.31,13.54,13.3,37247,50572053.0,1.78,-1.26,-0.17,0.88
2025-11-19,300406,13.31,13.18,13.38,13.12,33250,44530180.0,1.95,-0.98,-0.13,0.78
2025-11-20,300406,13.23,13.18,13.25,13.09,24231,32392854.0,1.21,0.0,0.0,0.57
2025-11-21,300406,13.14,12.97,13.24,12.82,43906,57945379.0,3.19,-1.59,-0.21,1.03
2025-11-24,300406,12.98,13.18,13.29,12.91,40292,53564530.0,2.93,1.62,0.21,0.95
2025-11-25,300406,13.17,13.25,13.35,13.07,42359,56939902.0,2.12,0.53,0.07,1.0
2025-11-26,300406,13.28,13.26,13.45,13.18,37110,50057209.0,2.04,0.08,0.01,0.87
2025-11-27,300406,13.26,13.3,13.38,13.16,28279,37511960.0,1.66,0.3,0.04,0.67
2025-11-28,300406,13.3,13.33,13.34,13.24,24383,32414479.0,0.75,0.23,0.03,0.57
2025-12-01,300406,13.33,13.92,14.11,13.31,109072,151474649.0,6.0,4.43,0.59,2.57
2025-12-02,300406,13.89,13.72,13.89,13.66,48720,66878089.0,1.65,-1.44,-0.2,1.15
2025-12-03,300406,13.72,13.69,13.77,13.6,33988,46416204.0,1.24,-0.22,-0.03,0.8
2025-12-04,300406,13.72,13.59,13.74,13.53,29339,39907013.0,1.53,-0.73,-0.1,0.69
2025-12-05,300406,13.57,13.68,13.68,13.47,26388,35842795.0,1.55,0.66,0.09,0.62
2025-12-08,300406,13.67,13.65,13.76,13.56,37855,51556744.0,1.46,-0.22,-0.03,0.89
2025-12-09,300406,13.6,13.49,13.66,13.38,35469,47832450.0,2.05,-1.17,-0.16,0.84
2025-12-10,300406,13.8,13.88,13.93,13.61,97677,134567885.0,2.37,2.89,0.39,2.3
2025-12-11,300406,13.97,13.61,14.08,13.59,89355,123288371.0,3.53,-1.95,-0.27,2.11
2025-12-12,300406,13.6,13.47,13.6,13.09,156946,207696670.0,3.75,-1.03,-0.14,3.7
2025-12-15,300406,13.3,13.21,13.34,13.16,46225,61247010.0,1.34,-1.93,-0.26,1.09
2025-12-16,300406,13.21,13.07,13.22,13.04,31259,40963520.0,1.36,-1.06,-0.14,0.74
2025-12-17,300406,13.07,13.23,13.24,13.01,34561,45307032.0,1.76,1.22,0.16,0.81
2025-12-18,300406,13.17,13.29,13.35,13.14,29936,39738982.0,1.59,0.45,0.06,0.71
2025-12-19,300406,13.31,13.4,13.54,13.27,43273,58069460.0,2.03,0.83,0.11,1.02
2025-12-22,300406,13.45,13.33,13.48,13.31,32498,43428817.0,1.27,-0.52,-0.07,0.77
2025-12-23,300406,13.33,13.23,13.37,13.21,21471,28526699.0,1.2,-0.75,-0.1,0.51
2025-12-24,300406,13.23,13.29,13.3,13.15,26739,35439043.0,1.13,0.45,0.06,0.63
2025-12-25,300406,13.35,13.42,13.5,13.27,32313,43218076.0,1.73,0.98,0.13,0.76
2025-12-26,300406,13.42,13.34,13.45,13.32,27128,36298296.0,0.97,-0.6,-0.08,0.64
2025-12-29,300406,13.38,13.23,13.38,13.21,31327,41622952.0,1.27,-0.82,-0.11,0.74
2025-12-30,300406,13.25,13.17,13.25,13.1,34416,45348028.0,1.13,-0.45,-0.06,0.81
2025-12-31,300406,13.17,13.07,13.19,13.06,31099,40702975.0,0.99,-0.76,-0.1,0.73
2026-01-05,300406,13.14,13.5,13.5,13.0,72160,96260524.0,3.83,3.29,0.43,1.7
2026-01-06,300406,13.54,13.5,13.65,13.4,51250,69215508.0,1.85,0.0,0.0,1.21
2026-01-07,300406,13.54,13.35,13.56,13.34,40419,54283439.0,1.63,-1.11,-0.15,0.95
2026-01-08,300406,13.34,13.5,13.58,13.31,48858,65841460.0,2.02,1.12,0.15,1.15
2026-01-09,300406,13.5,13.58,13.64,13.43,64345,87039855.0,1.56,0.59,0.08,1.52
2026-01-12,300406,13.58,13.92,13.96,13.58,92772,128310326.0,2.8,2.5,0.34,2.19
2026-01-13,300406,13.99,15.23,16.05,13.99,408367,612469574.0,14.8,9.41,1.31,9.62
2026-01-14,300406,15.2,14.9,15.37,14.62,288789,434957334.0,4.92,-2.17,-0.33,6.8
2026-01-15,300406,14.81,14.63,14.88,14.46,138942,202952933.0,2.82,-1.81,-0.27,3.27
2026-01-16,300406,14.77,14.19,14.86,14.15,136698,195905180.0,4.85,-3.01,-0.44,3.22
2026-01-19,300406,14.15,14.3,14.32,14.08,99229,141034766.0,1.69,0.78,0.11,2.34
2026-01-20,300406,14.28,14.15,14.35,14.02,75757,107395843.0,2.31,-1.05,-0.15,1.78
2026-01-21,300406,14.12,14.2,14.32,14.07,71525,101586372.0,1.77,0.35,0.05,1.69
2026-01-22,300406,14.23,14.12,14.23,14.09,56814,80293022.0,0.99,-0.56,-0.08,1.34
2026-01-23,300406,14.17,14.25,14.33,14.16,82832,117952898.0,1.2,0.92,0.13,1.95
2026-01-26,300406,14.37,14.68,14.73,14.23,194590,282058767.0,3.51,3.02,0.43,4.58
2026-01-27,300406,14.48,14.3,14.54,14.03,132422,188169124.0,3.47,-2.59,-0.38,3.12
2026-01-28,300406,14.2,13.89,14.23,13.88,103113,144322813.0,2.45,-2.87,-0.41,2.43
2026-01-29,300406,13.58,13.33,13.64,13.21,132684,177966261.0,3.1,-4.03,-0.56,3.13
2026-01-30,300406,13.38,13.23,13.42,13.11,70206,93050677.0,2.33,-0.75,-0.1,1.65
2026-02-02,300406,13.2,13.0,13.23,13.0,64188,84211032.0,1.74,-1.74,-0.23,1.51
2026-02-03,300406,13.06,13.16,13.16,12.98,55522,72668229.0,1.38,1.23,0.16,1.31
2026-02-04,300406,13.13,13.26,13.28,13.07,45846,60372149.0,1.6,0.76,0.1,1.08
2026-02-05,300406,13.31,13.21,13.31,13.15,35377,46746260.0,1.21,-0.38,-0.05,0.83
2026-02-06,300406,13.13,13.22,13.3,13.13,38273,50701639.0,1.29,0.08,0.01,0.9
2026-02-09,300406,13.28,13.32,13.35,13.24,39702,52823771.0,0.83,0.76,0.1,0.94
2026-02-10,300406,13.32,13.32,13.36,13.25,31606,42060038.0,0.83,0.0,0.0,0.74
2026-02-11,300406,13.32,13.25,13.35,13.21,38381,51020141.0,1.05,-0.53,-0.07,0.9
2026-02-12,300406,13.24,13.17,13.24,13.09,36194,47702082.0,1.13,-0.6,-0.08,0.85
2026-02-13,300406,13.17,12.96,13.21,12.96,50423,65938475.0,1.9,-1.59,-0.21,1.19
2026-02-24,300406,13.1,13.07,13.13,12.98,44961,58777033.0,1.16,0.85,0.11,1.06
2026-02-25,300406,13.08,13.15,13.22,13.05,44854,59035074.0,1.3,0.61,0.08,1.06
2026-02-26,300406,13.17,13.06,13.17,13.03,35863,46934646.0,1.06,-0.68,-0.09,0.84
2026-02-27,300406,13.04,13.13,13.15,13.01,31109,40751009.0,1.07,0.54,0.07,0.73
2026-03-02,300406,13.05,12.83,13.08,12.72,65493,84389619.0,2.74,-2.28,-0.3,1.54
2026-03-03,300406,12.85,12.53,12.9,12.43,61008,77154088.0,3.66,-2.34,-0.3,1.44
2026-03-04,300406,12.45,12.28,12.55,12.23,46660,57645244.0,2.55,-2.0,-0.25,1.1
2026-03-05,300406,12.47,12.4,12.48,12.31,36215,44895811.0,1.38,0.98,0.12,0.85
2026-03-06,300406,12.35,12.58,12.62,12.27,29711,37189384.0,2.82,1.45,0.18,0.7
2026-03-09,300406,12.52,12.55,12.59,12.38,30789,38417425.0,1.67,-0.24,-0.03,0.73
2026-03-10,300406,12.63,12.72,12.75,12.62,30646,38854319.0,1.04,1.35,0.17,0.72
2026-03-11,300406,12.72,12.56,12.75,12.5,42706,53709026.0,1.97,-1.26,-0.16,1.01
2026-03-12,300406,12.56,12.56,12.59,12.43,37581,47039110.0,1.27,0.0,0.0,0.89
2026-03-13,300406,12.55,12.56,12.63,12.47,25894,32569439.0,1.27,0.0,0.0,0.61
2026-03-16,300406,12.54,12.61,12.62,12.48,24514,30767593.0,1.11,0.4,0.05,0.58
2026-03-17,300406,12.6,12.51,12.71,12.48,31851,40120015.0,1.82,-0.79,-0.1,0.75
2026-03-18,300406,12.52,12.48,12.56,12.37,32655,40697349.0,1.52,-0.24,-0.03,0.77
2026-03-19,300406,12.48,12.23,12.48,12.14,49870,61145386.0,2.72,-2.0,-0.25,1.18
2026-03-20,300406,12.16,12.02,12.3,12.02,36773,44620170.0,2.29,-1.72,-0.21,0.87
2026-03-23,300406,11.92,11.43,11.92,11.34,50521,58487714.0,4.83,-4.91,-0.59,1.19
2026-03-24,300406,11.63,11.7,11.72,11.44,35633,41316612.0,2.45,2.36,0.27,0.84
2026-03-25,300406,11.72,11.74,11.83,11.63,38444,45086414.0,1.71,0.34,0.04,0.91
2026-03-26,300406,11.72,11.55,11.82,11.49,25475,29646839.0,2.81,-1.62,-0.19,0.6
2026-03-27,300406,11.42,11.92,11.94,11.42,43957,51775985.0,4.5,3.2,0.37,1.04
2026-03-30,300406,11.79,11.84,11.89,11.65,23841,28087750.0,2.01,-0.67,-0.08,0.56
2026-03-31,300406,11.88,11.83,12.04,11.82,29384,35043276.0,1.85,-0.42,-0.05,0.69
2026-04-01,300406,11.92,12.18,12.24,11.89,50207,60784889.0,2.96,2.96,0.35,1.18
2026-04-02,300406,12.18,12.15,12.23,12.06,33078,40134886.0,1.4,-0.25,-0.03,0.78
2026-04-03,300406,12.1,11.78,12.16,11.74,32493,38561561.0,3.46,-3.05,-0.37,0.77
2026-04-07,300406,11.8,11.85,11.96,11.69,21181,25127206.0,2.29,0.59,0.07,0.5
2026-04-08,300406,12.03,12.14,12.2,11.99,32642,39469464.0,1.77,2.45,0.29,0.77
2026-04-09,300406,12.09,11.93,12.12,11.93,30286,36308401.0,1.57,-1.73,-0.21,0.71
2026-04-10,300406,11.98,12.06,12.18,11.97,28533,34476897.0,1.76,1.09,0.13,0.67
2026-04-13,300406,11.96,11.92,12.05,11.89,20484,24450462.0,1.33,-1.16,-0.14,0.48
2026-04-14,300406,12.0,11.99,12.0,11.83,21852,26011111.0,1.43,0.59,0.07,0.51
2026-04-15,300406,12.03,12.1,12.13,11.96,30917,37299218.0,1.42,0.92,0.11,0.73
2026-04-16,300406,12.09,12.11,12.17,11.98,25134,30291145.0,1.57,0.08,0.01,0.59
2026-04-17,300406,12.1,11.99,12.12,11.94,27083,32483626.46,1.49,-0.99,-0.12,0.64
