日期,股票代码,开盘,收盘,最高,最低,成交量,成交额,振幅,涨跌幅,涨跌额,换手率
2021-03-30,600572,3.52,3.53,3.55,3.51,107837,44998015.0,1.13,-0.56,-0.02,0.41
2021-03-31,600572,3.54,3.54,3.54,3.51,106249,44346153.0,0.85,0.28,0.01,0.4
2021-04-01,600572,3.54,3.55,3.56,3.51,105784,44214618.0,1.41,0.28,0.01,0.4
2021-04-02,600572,3.53,3.53,3.54,3.52,94581,39514469.0,0.56,-0.56,-0.02,0.36
2021-04-06,600572,3.54,3.53,3.55,3.52,91887,38466846.0,0.85,0.0,0.0,0.35
2021-04-07,600572,3.54,3.54,3.54,3.51,116235,48531062.0,0.85,0.28,0.01,0.44
2021-04-08,600572,3.53,3.52,3.54,3.51,114503,47782009.0,0.85,-0.56,-0.02,0.43
2021-04-09,600572,3.52,3.54,3.55,3.51,117840,49182516.0,1.14,0.57,0.02,0.44
2021-04-12,600572,3.53,3.52,3.54,3.5,138338,57721038.0,1.13,-0.56,-0.02,0.52
2021-04-13,600572,3.52,3.47,3.52,3.46,137712,56992897.0,1.7,-1.42,-0.05,0.52
2021-04-14,600572,3.48,3.49,3.51,3.46,103181,42736040.0,1.44,0.58,0.02,0.39
2021-04-15,600572,3.49,3.53,3.54,3.48,136725,56971726.0,1.72,1.15,0.04,0.51
2021-04-16,600572,3.52,3.63,3.63,3.52,268253,113766013.0,3.12,2.83,0.1,1.01
2021-04-19,600572,3.63,3.61,3.65,3.6,202091,86239785.0,1.38,-0.55,-0.02,0.76
2021-04-20,600572,3.61,3.57,3.61,3.57,154218,65357108.0,1.11,-1.11,-0.04,0.58
2021-04-21,600572,3.58,3.65,3.7,3.58,437214,187981846.0,3.36,2.24,0.08,1.64
2021-04-22,600572,3.65,3.6,3.66,3.59,222696,94946023.0,1.92,-1.37,-0.05,0.84
2021-04-23,600572,3.59,3.62,3.62,3.56,147063,62253373.0,1.67,0.56,0.02,0.55
2021-04-26,600572,3.58,3.57,3.63,3.56,246342,104458351.0,1.93,-1.38,-0.05,0.93
2021-04-27,600572,3.56,3.51,3.56,3.48,200223,83308697.0,2.24,-1.68,-0.06,0.75
2021-04-28,600572,3.52,3.57,3.59,3.49,214192,89975534.0,2.85,1.71,0.06,0.81
2021-04-29,600572,3.58,3.64,3.68,3.56,428112,183671720.0,3.36,1.96,0.07,1.61
2021-04-30,600572,3.62,3.74,3.79,3.6,461448,201296907.0,5.22,2.75,0.1,1.73
2021-05-06,600572,3.71,3.66,3.74,3.62,300037,129854940.0,3.21,-2.14,-0.08,1.13
2021-05-07,600572,3.65,3.6,3.65,3.58,201206,85646664.0,1.91,-1.64,-0.06,0.76
2021-05-10,600572,3.6,3.6,3.63,3.56,157128,66603180.0,1.94,0.0,0.0,0.59
2021-05-11,600572,3.58,3.67,3.69,3.57,231879,99452248.0,3.33,1.94,0.07,0.87
2021-05-12,600572,3.66,3.66,3.67,3.61,156618,67226213.0,1.63,-0.27,-0.01,0.59
2021-05-13,600572,3.64,3.77,3.85,3.63,558671,246889781.0,6.01,3.01,0.11,2.1
2021-05-14,600572,3.77,3.78,3.86,3.73,424892,188907180.0,3.45,0.27,0.01,1.6
2021-05-17,600572,3.77,3.82,3.89,3.75,401172,179836261.0,3.7,1.06,0.04,1.51
2021-05-18,600572,3.85,4.27,4.27,3.73,1313809,617707008.0,14.14,11.78,0.45,4.94
2021-05-19,600572,4.43,4.1,4.43,4.07,1493980,727887568.0,8.43,-3.98,-0.17,5.62
2021-05-20,600572,3.98,4.06,4.27,3.97,841391,402081760.0,7.32,-0.98,-0.04,3.16
2021-05-21,600572,3.99,3.95,4.05,3.91,540242,249327622.0,3.45,-2.71,-0.11,2.03
2021-05-24,600572,3.93,4.01,4.05,3.92,428354,199098763.0,3.29,1.52,0.06,1.61
2021-05-25,600572,3.98,4.02,4.11,3.97,362214,170143130.0,3.49,0.25,0.01,1.36
2021-05-26,600572,4.03,4.05,4.12,3.97,435064,204605887.0,3.73,0.75,0.03,1.64
2021-05-27,600572,4.02,3.97,4.06,3.94,403445,186985147.0,2.96,-1.98,-0.08,1.52
2021-05-28,600572,3.97,3.9,4.0,3.86,342201,155918111.0,3.53,-1.76,-0.07,1.29
2021-05-31,600572,3.89,3.94,3.97,3.86,237981,108782848.0,2.82,1.03,0.04,0.89
2021-06-01,600572,3.97,3.98,4.06,3.93,344852,160654051.0,3.3,1.02,0.04,1.3
2021-06-02,600572,4.03,3.92,4.05,3.9,263979,121359240.0,3.77,-1.51,-0.06,0.99
2021-06-03,600572,3.91,3.89,3.96,3.88,163225,74512960.0,2.04,-0.77,-0.03,0.61
2021-06-04,600572,3.87,3.84,3.92,3.83,183537,82960991.0,2.31,-1.29,-0.05,0.69
2021-06-07,600572,3.84,3.82,3.86,3.78,193520,86335022.0,2.08,-0.52,-0.02,0.73
2021-06-08,600572,3.81,3.83,3.86,3.79,149009,66631852.0,1.83,0.26,0.01,0.56
2021-06-09,600572,3.83,3.79,3.84,3.78,139394,61965849.0,1.57,-1.04,-0.04,0.52
2021-06-10,600572,3.8,3.79,3.81,3.78,138702,61686357.0,0.79,0.0,0.0,0.52
2021-06-11,600572,3.83,3.81,3.87,3.8,200015,89655864.0,1.85,0.53,0.02,0.75
2021-06-15,600572,3.8,3.71,3.81,3.71,182073,79982239.0,2.62,-2.62,-0.1,0.68
2021-06-16,600572,3.73,3.67,3.73,3.65,169421,73372296.0,2.16,-1.08,-0.04,0.64
2021-06-17,600572,3.68,3.63,3.7,3.61,132720,57117412.0,2.45,-1.09,-0.04,0.5
2021-06-18,600572,3.64,3.65,3.65,3.58,168411,71746795.0,1.93,0.55,0.02,0.63
2021-06-21,600572,3.65,3.64,3.69,3.61,153141,65858497.0,2.19,-0.27,-0.01,0.58
2021-06-22,600572,3.63,3.69,3.7,3.6,209733,90210144.0,2.75,1.37,0.05,0.79
2021-06-23,600572,3.67,3.65,3.68,3.64,122971,53000396.0,1.08,-1.08,-0.04,0.46
2021-06-24,600572,3.68,3.65,3.69,3.63,113274,48760070.0,1.64,0.0,0.0,0.43
2021-06-25,600572,3.65,3.66,3.67,3.61,133623,57312017.0,1.64,0.27,0.01,0.5
2021-06-28,600572,3.65,3.69,3.71,3.62,177668,76694807.0,2.46,0.82,0.03,0.67
2021-06-29,600572,3.68,3.69,3.71,3.64,202699,87810507.0,1.9,0.0,0.0,0.76
2021-06-30,600572,3.69,3.79,3.84,3.65,368370,162485640.0,5.15,2.71,0.1,1.38
2021-07-01,600572,3.77,3.91,4.14,3.75,860696,397982560.0,10.29,3.17,0.12,3.23
2021-07-02,600572,4.0,3.85,4.02,3.81,387761,176255986.0,5.37,-1.53,-0.06,1.46
2021-07-05,600572,3.8,3.78,3.84,3.75,255239,113172329.0,2.34,-1.82,-0.07,0.96
2021-07-06,600572,3.79,3.7,3.82,3.66,295244,129299566.0,4.23,-2.12,-0.08,1.11
2021-07-07,600572,3.67,3.7,3.74,3.66,179302,78025614.0,2.16,0.0,0.0,0.67
2021-07-08,600572,3.69,3.65,3.7,3.64,184402,79532520.0,1.62,-1.35,-0.05,0.69
2021-07-09,600572,3.64,3.65,3.68,3.62,138086,59303405.0,1.64,0.0,0.0,0.52
2021-07-12,600572,3.66,3.8,3.84,3.64,384691,169445777.0,5.48,4.11,0.15,1.45
2021-07-13,600572,3.81,3.89,3.91,3.79,306648,138520023.0,3.16,2.37,0.09,1.15
2021-07-14,600572,3.87,3.87,3.95,3.84,285643,129763999.0,2.83,-0.51,-0.02,1.07
2021-07-15,600572,3.86,3.86,3.9,3.83,178044,80398545.0,1.81,-0.26,-0.01,0.67
2021-07-16,600572,3.86,3.89,3.94,3.84,168598,76440547.0,2.59,0.78,0.03,0.63
2021-07-19,600572,3.89,3.96,4.0,3.83,273934,125337509.0,4.37,1.8,0.07,1.03
2021-07-20,600572,3.93,3.88,4.02,3.86,288800,132240664.0,4.04,-2.02,-0.08,1.09
2021-07-21,600572,3.86,3.87,3.92,3.84,187561,84801788.0,2.06,-0.26,-0.01,0.7
2021-07-22,600572,3.85,3.8,3.86,3.8,179487,80092627.0,1.55,-1.81,-0.07,0.67
2021-07-23,600572,3.82,3.78,3.83,3.76,149103,66177816.0,1.84,-0.53,-0.02,0.56
2021-07-26,600572,3.78,3.69,3.78,3.66,236648,102967786.0,3.17,-2.38,-0.09,0.89
2021-07-27,600572,3.69,3.67,3.73,3.66,176727,76618600.0,1.9,-0.54,-0.02,0.66
2021-07-28,600572,3.67,3.64,3.7,3.6,192197,82426237.0,2.72,-0.82,-0.03,0.72
2021-07-29,600572,3.64,3.67,3.69,3.64,121677,52418854.0,1.37,0.82,0.03,0.46
2021-07-30,600572,3.67,3.66,3.68,3.61,123734,53062048.0,1.91,-0.27,-0.01,0.47
2021-08-02,600572,3.65,3.69,3.73,3.62,169662,73327172.0,3.01,0.82,0.03,0.64
2021-08-03,600572,3.68,3.75,3.78,3.66,196618,86246854.0,3.25,1.63,0.06,0.74
2021-08-04,600572,3.77,3.72,3.77,3.7,127228,55602897.0,1.87,-0.8,-0.03,0.48
2021-08-05,600572,3.72,3.66,3.76,3.66,161032,70147493.0,2.69,-1.61,-0.06,0.61
2021-08-06,600572,3.66,3.66,3.67,3.62,137456,58947522.0,1.37,0.0,0.0,0.52
2021-08-09,600572,3.65,3.69,3.7,3.63,107471,46527501.0,1.91,0.82,0.03,0.4
2021-08-10,600572,3.7,3.7,3.7,3.66,101589,43993919.0,1.08,0.27,0.01,0.38
2021-08-11,600572,3.68,3.65,3.72,3.63,234956,101401940.0,2.43,-1.35,-0.05,0.88
2021-08-12,600572,3.64,3.67,3.67,3.62,160902,69012471.0,1.37,0.55,0.02,0.6
2021-08-13,600572,3.67,3.64,3.67,3.63,167298,71892421.0,1.09,-0.82,-0.03,0.63
2021-08-16,600572,3.64,3.64,3.66,3.6,155151,66507013.0,1.65,0.0,0.0,0.58
2021-08-17,600572,3.63,3.54,3.64,3.52,275694,116531707.0,3.3,-2.75,-0.1,1.04
2021-08-18,600572,3.53,3.53,3.55,3.5,144108,60199297.0,1.41,-0.28,-0.01,0.54
2021-08-19,600572,3.53,3.52,3.55,3.51,118148,49296315.0,1.13,-0.28,-0.01,0.44
2021-08-20,600572,3.51,3.47,3.52,3.46,156351,64550477.0,1.7,-1.42,-0.05,0.59
2021-08-23,600572,3.47,3.51,3.51,3.46,103453,42858934.0,1.44,1.15,0.04,0.39
2021-08-24,600572,3.51,3.53,3.53,3.49,114444,47640806.0,1.14,0.57,0.02,0.43
2021-08-25,600572,3.52,3.54,3.55,3.5,119530,49824464.0,1.42,0.28,0.01,0.45
2021-08-26,600572,3.53,3.5,3.54,3.49,154060,64118805.0,1.41,-1.13,-0.04,0.58
2021-08-27,600572,3.49,3.48,3.5,3.47,118664,49090411.0,0.86,-0.57,-0.02,0.45
2021-08-30,600572,3.48,3.48,3.49,3.46,122209,50423646.0,0.86,0.0,0.0,0.46
2021-08-31,600572,3.47,3.51,3.52,3.47,123648,51165094.0,1.44,0.86,0.03,0.46
2021-09-01,600572,3.51,3.56,3.57,3.5,176504,73933558.0,1.99,1.42,0.05,0.66
2021-09-02,600572,3.55,3.57,3.58,3.53,152418,64004442.0,1.4,0.28,0.01,0.57
2021-09-03,600572,3.57,3.59,3.63,3.56,166949,71008507.0,1.96,0.56,0.02,0.63
2021-09-06,600572,3.58,3.65,3.67,3.58,193323,82836073.0,2.51,1.67,0.06,0.73
2021-09-07,600572,3.66,3.64,3.67,3.6,179051,76643944.0,1.92,-0.27,-0.01,0.67
2021-09-08,600572,3.63,3.73,3.77,3.62,306358,134042952.0,4.12,2.47,0.09,1.15
2021-09-09,600572,3.74,3.74,3.8,3.7,232101,102185479.0,2.68,0.27,0.01,0.87
2021-09-10,600572,3.73,3.74,3.75,3.69,189837,82995912.0,1.6,0.0,0.0,0.71
2021-09-13,600572,3.74,3.76,3.78,3.72,158392,69798296.0,1.6,0.53,0.02,0.6
2021-09-14,600572,3.8,3.72,3.88,3.71,292087,129760463.0,4.52,-1.06,-0.04,1.1
2021-09-15,600572,3.74,3.71,3.76,3.69,176608,77105619.0,1.88,-0.27,-0.01,0.66
2021-09-16,600572,3.72,3.69,3.81,3.69,281720,124128118.0,3.23,-0.54,-0.02,1.06
2021-09-17,600572,3.69,3.65,3.72,3.61,193285,83086178.0,2.98,-1.08,-0.04,0.73
2021-09-22,600572,3.61,3.65,3.68,3.61,120015,51566613.0,1.92,0.0,0.0,0.45
2021-09-23,600572,3.65,3.74,3.76,3.64,197759,86521081.0,3.29,2.47,0.09,0.74
2021-09-24,600572,3.74,3.68,3.76,3.67,142598,62088722.0,2.41,-1.6,-0.06,0.54
2021-09-27,600572,3.69,3.71,3.78,3.68,304279,133264349.0,2.72,0.82,0.03,1.14
2021-09-28,600572,3.72,3.62,3.73,3.58,248897,106158690.0,4.04,-2.43,-0.09,0.94
2021-09-29,600572,3.59,3.55,3.6,3.53,197654,83045404.0,1.93,-1.93,-0.07,0.74
2021-09-30,600572,3.57,3.55,3.59,3.52,183329,76773933.0,1.97,0.0,0.0,0.69
2021-10-08,600572,3.56,3.63,3.64,3.55,190640,81072183.0,2.54,2.25,0.08,0.72
2021-10-11,600572,3.64,3.64,3.67,3.62,148990,63989310.0,1.38,0.28,0.01,0.56
2021-10-12,600572,3.64,3.61,3.64,3.57,148340,63156467.0,1.92,-0.82,-0.03,0.56
2021-10-13,600572,3.61,3.59,3.61,3.56,98581,41787708.0,1.39,-0.55,-0.02,0.37
2021-10-14,600572,3.6,3.55,3.61,3.55,97074,40972515.0,1.67,-1.11,-0.04,0.36
2021-10-15,600572,3.55,3.55,3.57,3.51,119569,50099059.0,1.69,0.0,0.0,0.45
2021-10-18,600572,3.55,3.52,3.56,3.51,121393,50692907.0,1.41,-0.85,-0.03,0.46
2021-10-19,600572,3.53,3.54,3.55,3.51,88725,37081135.0,1.14,0.57,0.02,0.33
2021-10-20,600572,3.54,3.52,3.55,3.51,93353,38989361.0,1.13,-0.56,-0.02,0.35
2021-10-21,600572,3.52,3.5,3.55,3.5,97583,40671419.0,1.42,-0.57,-0.02,0.37
2021-10-22,600572,3.51,3.48,3.52,3.48,94393,39060629.0,1.14,-0.57,-0.02,0.35
2021-10-25,600572,3.47,3.49,3.5,3.46,91723,37834674.0,1.15,0.29,0.01,0.34
2021-10-26,600572,3.48,3.47,3.5,3.46,84095,34700879.0,1.15,-0.57,-0.02,0.32
2021-10-27,600572,3.47,3.39,3.48,3.38,141447,57396823.0,2.88,-2.31,-0.08,0.53
2021-10-28,600572,3.37,3.42,3.45,3.36,127191,51427962.0,2.65,0.88,0.03,0.48
2021-10-29,600572,3.39,3.43,3.44,3.35,144907,58743449.0,2.63,0.29,0.01,0.54
2021-11-01,600572,3.43,3.42,3.43,3.39,89559,36389122.0,1.17,-0.29,-0.01,0.34
2021-11-02,600572,3.41,3.38,3.42,3.36,107693,43491214.0,1.75,-1.17,-0.04,0.4
2021-11-03,600572,3.38,3.4,3.4,3.37,72669,29358395.0,0.89,0.59,0.02,0.27
2021-11-04,600572,3.4,3.39,3.4,3.38,67186,27158217.0,0.59,-0.29,-0.01,0.25
2021-11-05,600572,3.4,3.43,3.44,3.39,83601,34031772.0,1.47,1.18,0.04,0.31
2021-11-08,600572,3.42,3.42,3.43,3.38,70382,28569417.0,1.46,-0.29,-0.01,0.26
2021-11-09,600572,3.41,3.43,3.44,3.41,74671,30467402.0,0.88,0.29,0.01,0.28
2021-11-10,600572,3.44,3.45,3.46,3.4,106883,43655269.0,1.75,0.58,0.02,0.4
2021-11-11,600572,3.45,3.49,3.51,3.44,122056,50502132.0,2.03,1.16,0.04,0.46
2021-11-12,600572,3.5,3.48,3.51,3.47,78629,32463160.0,1.15,-0.29,-0.01,0.3
2021-11-15,600572,3.51,3.5,3.52,3.48,94653,39245809.0,1.15,0.57,0.02,0.36
2021-11-16,600572,3.5,3.49,3.52,3.48,90571,37621738.0,1.14,-0.29,-0.01,0.34
2021-11-17,600572,3.49,3.52,3.54,3.48,118984,49589628.0,1.72,0.86,0.03,0.46
2021-11-18,600572,3.53,3.47,3.53,3.47,102110,42328568.0,1.7,-1.42,-0.05,0.4
2021-11-19,600572,3.47,3.49,3.5,3.46,92243,38071435.0,1.15,0.58,0.02,0.36
2021-11-22,600572,3.49,3.48,3.51,3.47,89908,37215463.0,1.15,-0.29,-0.01,0.35
2021-11-23,600572,3.47,3.49,3.5,3.46,95087,39275409.0,1.15,0.29,0.01,0.37
2021-11-24,600572,3.5,3.51,3.52,3.48,105497,43751976.0,1.15,0.57,0.02,0.41
2021-11-25,600572,3.5,3.55,3.56,3.48,200301,83611604.0,2.28,1.14,0.04,0.78
2021-11-26,600572,3.53,3.48,3.55,3.48,133567,55481150.0,1.97,-1.97,-0.07,0.52
2021-11-29,600572,3.48,3.52,3.54,3.47,168277,70017921.0,2.01,1.15,0.04,0.66
2021-11-30,600572,3.53,3.53,3.54,3.5,101230,42146880.0,1.14,0.28,0.01,0.39
2021-12-01,600572,3.6,3.65,3.72,3.59,428851,184497153.0,3.68,3.4,0.12,1.67
2021-12-02,600572,3.69,3.7,3.73,3.63,403757,175301540.0,2.74,1.37,0.05,1.58
2021-12-03,600572,3.72,3.69,3.73,3.66,207753,90282477.0,1.89,-0.27,-0.01,0.81
2021-12-06,600572,3.7,3.63,3.7,3.62,204894,88209131.0,2.17,-1.63,-0.06,0.8
2021-12-07,600572,3.65,3.59,3.66,3.57,168301,71543514.0,2.48,-1.1,-0.04,0.66
2021-12-08,600572,3.69,3.62,3.72,3.6,266867,114320728.0,3.34,0.84,0.03,1.04
2021-12-09,600572,3.61,3.76,3.78,3.6,507970,222255217.0,4.97,3.87,0.14,1.98
2021-12-10,600572,3.74,3.73,3.77,3.7,218089,95607407.0,1.86,-0.8,-0.03,0.85
2021-12-13,600572,3.7,3.71,3.74,3.68,183135,79860192.0,1.61,-0.54,-0.02,0.71
2021-12-14,600572,3.7,3.72,3.75,3.7,144219,63089331.0,1.35,0.27,0.01,0.56
2021-12-15,600572,3.73,3.7,3.74,3.69,132006,57625412.0,1.34,-0.54,-0.02,0.51
2021-12-16,600572,3.72,3.71,3.72,3.67,127248,55367112.0,1.35,0.27,0.01,0.5
2021-12-17,600572,3.7,3.68,3.7,3.65,145379,62833305.0,1.35,-0.81,-0.03,0.57
2021-12-20,600572,3.7,3.75,3.76,3.7,296186,129973516.0,1.63,1.9,0.07,1.16
2021-12-21,600572,3.74,3.75,3.77,3.71,177838,78008232.0,1.6,0.0,0.0,0.69
2021-12-22,600572,3.8,3.82,3.82,3.75,338073,150194395.0,1.87,1.87,0.07,1.32
2021-12-23,600572,3.82,3.78,3.85,3.76,236553,105036187.0,2.36,-1.05,-0.04,0.92
2021-12-24,600572,3.8,4.12,4.22,3.78,1506189,706117904.0,11.64,8.99,0.34,5.88
2021-12-27,600572,4.05,4.25,4.35,4.0,1318146,641899616.0,8.5,3.16,0.13,5.14
2021-12-28,600572,4.21,4.12,4.25,4.09,660020,316785728.0,3.76,-3.06,-0.13,2.57
2021-12-29,600572,4.15,4.12,4.31,4.11,776377,376227936.0,4.85,0.0,0.0,3.03
2021-12-30,600572,4.09,4.15,4.18,4.01,596997,284072016.0,4.13,0.73,0.03,2.33
2021-12-31,600572,4.16,4.35,4.55,4.15,1362901,678912784.0,9.64,4.82,0.2,5.32
2022-01-04,600572,4.47,4.42,4.61,4.36,1758208,903155952.0,5.75,1.61,0.07,6.86
2022-01-05,600572,4.51,4.33,4.53,4.26,1169949,584931792.0,6.11,-2.04,-0.09,4.56
2022-01-06,600572,4.27,4.59,4.59,4.25,1177528,599422464.0,7.85,6.0,0.26,4.59
2022-01-07,600572,4.6,4.53,4.67,4.43,1181948,611374960.0,5.23,-1.31,-0.06,4.61
2022-01-10,600572,4.51,4.52,4.55,4.34,699260,356452544.0,4.64,-0.22,-0.01,2.73
2022-01-11,600572,4.48,4.49,4.56,4.43,679302,349407440.0,2.88,-0.66,-0.03,2.65
2022-01-12,600572,4.46,4.52,4.58,4.42,758828,390773520.0,3.56,0.67,0.03,2.96
2022-01-13,600572,4.49,4.43,4.5,4.32,807894,407930768.0,3.98,-1.99,-0.09,3.15
2022-01-14,600572,4.42,4.48,4.53,4.3,1299715,662133392.0,5.19,1.13,0.05,5.07
2022-01-17,600572,4.47,4.4,4.48,4.28,957153,480949968.0,4.46,-1.79,-0.08,3.73
2022-01-18,600572,4.35,4.31,4.37,4.26,743505,367942848.0,2.5,-2.05,-0.09,2.9
2022-01-19,600572,4.27,4.33,4.33,4.25,339100,167522833.0,1.86,0.46,0.02,1.32
2022-01-20,600572,4.31,4.32,4.37,4.27,353657,175810169.0,2.31,-0.23,-0.01,1.38
2022-01-21,600572,4.28,4.17,4.32,4.06,567508,272994016.0,6.02,-3.47,-0.15,2.21
2022-01-24,600572,4.12,4.08,4.14,4.02,378201,178430906.0,2.88,-2.16,-0.09,1.48
2022-01-25,600572,4.08,3.89,4.09,3.83,426056,194435890.0,6.37,-4.66,-0.19,1.66
2022-01-26,600572,3.86,3.86,3.93,3.79,304787,137175536.0,3.6,-0.77,-0.03,1.19
2022-01-27,600572,3.86,3.77,3.88,3.73,296156,131086016.0,3.89,-2.33,-0.09,1.16
2022-01-28,600572,3.78,3.78,3.81,3.73,225907,100060107.0,2.12,0.27,0.01,0.88
2022-02-07,600572,3.82,3.85,3.87,3.8,265898,119461309.0,1.85,1.85,0.07,1.04
2022-02-08,600572,3.85,3.89,3.92,3.82,296456,133991483.0,2.6,1.04,0.04,1.16
2022-02-09,600572,3.89,4.03,4.07,3.86,436131,202487120.0,5.4,3.6,0.14,1.7
2022-02-10,600572,4.01,4.16,4.29,3.99,692823,335750000.0,7.44,3.23,0.13,2.7
2022-02-11,600572,4.13,3.97,4.15,3.97,384627,180364764.0,4.33,-4.57,-0.19,1.5
2022-02-14,600572,3.97,3.97,4.04,3.93,252552,116980390.0,2.77,0.0,0.0,0.99
2022-02-15,600572,3.98,3.98,4.04,3.92,251331,116382689.0,3.02,0.25,0.01,0.98
2022-02-16,600572,3.98,3.98,4.0,3.94,199213,92080543.0,1.51,0.0,0.0,0.78
2022-02-17,600572,3.97,3.91,3.98,3.85,270856,123429910.0,3.27,-1.76,-0.07,1.06
2022-02-18,600572,3.86,3.91,3.94,3.86,187764,85522693.0,2.05,0.0,0.0,0.73
2022-02-21,600572,3.89,3.98,4.0,3.88,245171,112386368.0,3.07,1.79,0.07,0.96
2022-02-22,600572,3.97,3.91,3.97,3.88,194782,88753994.0,2.26,-1.76,-0.07,0.76
2022-02-23,600572,3.92,3.93,3.97,3.9,172029,78934771.0,1.79,0.51,0.02,0.67
2022-02-24,600572,3.93,3.85,4.01,3.8,356688,162561389.0,5.34,-2.04,-0.08,1.39
2022-02-25,600572,3.87,3.92,3.95,3.87,179229,81840234.0,2.08,1.82,0.07,0.7
2022-02-28,600572,3.93,3.93,3.93,3.86,138771,63065959.0,1.79,0.26,0.01,0.54
2022-03-01,600572,3.91,3.92,3.95,3.89,177054,80865882.0,1.53,-0.25,-0.01,0.69
2022-03-02,600572,3.92,4.02,4.05,3.89,317422,147166947.0,4.08,2.55,0.1,1.24
2022-03-03,600572,4.04,4.05,4.07,4.0,265420,124446827.0,1.74,0.75,0.03,1.04
2022-03-04,600572,4.05,4.02,4.12,4.0,338214,159215608.0,2.96,-0.74,-0.03,1.32
2022-03-07,600572,4.03,3.94,4.07,3.92,294041,136578113.0,3.73,-1.99,-0.08,1.15
2022-03-08,600572,3.93,3.78,3.95,3.77,351764,157669351.0,4.57,-4.06,-0.16,1.37
2022-03-09,600572,3.8,3.72,3.81,3.51,485749,209486081.0,7.94,-1.59,-0.06,1.9
2022-03-10,600572,3.76,3.77,3.82,3.68,378793,167241247.0,3.76,1.34,0.05,1.48
2022-03-11,600572,3.7,3.87,3.89,3.69,398961,177406993.0,5.31,2.65,0.1,1.56
2022-03-14,600572,3.87,3.85,4.03,3.85,489227,224673780.0,4.65,-0.52,-0.02,1.91
2022-03-15,600572,3.84,3.64,3.86,3.6,424244,186357484.0,6.75,-5.45,-0.21,1.66
2022-03-16,600572,3.66,3.7,3.74,3.49,409724,175155330.0,6.87,1.65,0.06,1.6
2022-03-17,600572,3.7,3.85,3.97,3.7,533622,240706082.0,7.3,4.05,0.15,2.08
2022-03-18,600572,3.85,4.03,4.05,3.85,619885,287236624.0,5.19,4.68,0.18,2.42
2022-03-21,600572,4.2,4.03,4.21,3.99,880291,416294304.0,5.46,0.0,0.0,3.43
2022-03-22,600572,4.03,3.93,4.06,3.9,537080,247317009.0,3.97,-2.48,-0.1,2.1
2022-03-23,600572,3.91,4.04,4.14,3.9,573500,269514608.0,6.11,2.8,0.11,2.24
2022-03-24,600572,3.97,4.08,4.12,3.96,566015,266890614.0,3.96,0.99,0.04,2.21
2022-03-25,600572,4.06,4.13,4.25,4.04,824844,398612480.0,5.15,1.23,0.05,3.22
2022-03-28,600572,4.15,4.09,4.25,4.05,642352,307048368.0,4.84,-0.97,-0.04,2.51
2022-03-29,600572,4.07,4.23,4.27,4.01,669253,322482576.0,6.36,3.42,0.14,2.61
2022-03-30,600572,4.22,4.25,4.27,4.15,587682,286124960.0,2.84,0.47,0.02,2.29
2022-03-31,600572,4.2,4.32,4.45,4.19,831068,417517472.0,6.12,1.65,0.07,3.24
2022-04-01,600572,4.24,4.21,4.33,4.17,517440,251630635.0,3.7,-2.55,-0.11,2.02
2022-04-06,600572,4.28,4.28,4.39,4.25,490974,243718078.0,3.33,1.66,0.07,1.92
2022-04-07,600572,4.43,4.3,4.54,4.28,1103724,557642368.0,6.07,0.47,0.02,4.31
2022-04-08,600572,4.3,4.11,4.31,4.09,645725,309442864.0,5.12,-4.42,-0.19,2.52
2022-04-11,600572,4.11,3.96,4.16,3.95,525616,247081924.0,5.11,-3.65,-0.15,2.05
2022-04-12,600572,4.0,4.23,4.26,3.97,798894,383011088.0,7.32,6.82,0.27,3.12
2022-04-13,600572,4.2,4.06,4.24,4.04,452416,214952490.0,4.73,-4.02,-0.17,1.76
2022-04-14,600572,4.06,4.09,4.2,4.06,362675,172952139.0,3.45,0.74,0.03,1.41
2022-04-15,600572,4.05,4.02,4.1,3.99,364732,170921187.0,2.69,-1.71,-0.07,1.42
2022-04-18,600572,3.99,3.94,4.0,3.89,314984,144634010.0,2.74,-1.99,-0.08,1.23
2022-04-19,600572,3.96,3.98,4.02,3.93,277788,128675891.0,2.28,1.02,0.04,1.08
2022-04-20,600572,3.98,4.24,4.42,3.96,1055812,515397968.0,11.56,6.53,0.26,4.12
2022-04-21,600572,4.22,3.94,4.23,3.91,718203,338950384.0,7.55,-7.08,-0.3,2.8
2022-04-22,600572,3.98,4.03,4.21,3.96,1014933,482085040.0,6.35,2.28,0.09,3.96
2022-04-25,600572,3.96,3.88,4.15,3.88,1009083,472712976.0,6.7,-3.72,-0.15,3.94
2022-04-26,600572,3.83,3.62,3.84,3.55,1022074,446043392.0,7.47,-6.7,-0.26,3.99
2022-04-27,600572,3.55,3.63,3.64,3.41,803506,334007008.0,6.35,0.28,0.01,3.13
2022-04-28,600572,3.57,3.45,3.65,3.38,624407,259013862.0,7.44,-4.96,-0.18,2.44
2022-04-29,600572,3.49,3.77,3.83,3.49,970618,424061264.0,9.86,9.28,0.32,3.79
2022-05-05,600572,3.76,3.97,4.03,3.74,696633,317834224.0,7.69,5.31,0.2,2.72
2022-05-06,600572,3.88,3.89,3.96,3.83,467380,212312833.0,3.27,-2.02,-0.08,1.82
2022-05-09,600572,3.88,3.97,3.98,3.85,424778,194323930.0,3.34,2.06,0.08,1.66
2022-05-10,600572,3.91,4.1,4.1,3.88,494055,230888499.0,5.54,3.27,0.13,1.93
2022-05-11,600572,4.09,4.03,4.16,4.01,518591,245551417.0,3.66,-1.71,-0.07,2.02
2022-05-12,600572,3.98,4.21,4.23,3.98,604983,290495008.0,6.2,4.47,0.18,2.36
2022-05-13,600572,4.21,4.22,4.27,4.15,460820,223650404.0,2.85,0.24,0.01,1.8
2022-05-16,600572,4.43,4.25,4.5,4.19,978557,486109424.0,7.35,0.71,0.03,3.82
2022-05-17,600572,4.22,4.15,4.24,4.06,538358,257186883.0,4.24,-2.35,-0.1,2.1
2022-05-18,600572,4.14,4.11,4.2,4.08,311881,149207490.0,2.89,-0.96,-0.04,1.22
2022-05-19,600572,4.01,4.04,4.08,3.98,377606,176175488.0,2.43,-1.7,-0.07,1.47
2022-05-20,600572,4.03,4.06,4.12,3.99,393022,184559751.0,3.22,0.5,0.02,1.53
2022-05-23,600572,4.07,4.05,4.1,4.02,332826,156781160.0,1.97,-0.25,-0.01,1.3
2022-05-24,600572,4.04,3.83,4.05,3.82,478649,219364518.0,5.68,-5.43,-0.22,1.87
2022-05-25,600572,3.83,3.88,3.89,3.81,246826,111232912.0,2.09,1.31,0.05,0.96
2022-05-26,600572,3.97,3.89,3.97,3.83,298859,135499171.0,3.61,0.26,0.01,1.17
2022-05-27,600572,3.88,3.85,3.92,3.8,274986,124221602.0,3.08,-1.03,-0.04,1.07
2022-05-30,600572,3.84,3.79,3.85,3.77,300654,133916879.0,2.08,-1.56,-0.06,1.17
2022-05-31,600572,3.81,3.83,3.84,3.73,272183,120818977.0,2.9,1.06,0.04,1.06
2022-06-01,600572,3.82,3.79,3.84,3.74,337504,149852396.0,2.61,-1.04,-0.04,1.32
2022-06-02,600572,3.77,3.73,3.79,3.7,281990,123368908.0,2.37,-1.58,-0.06,1.1
2022-06-06,600572,3.73,3.77,3.79,3.71,329081,144895437.0,2.14,1.07,0.04,1.28
2022-06-07,600572,3.76,3.91,3.92,3.73,599097,268757168.0,5.04,3.71,0.14,2.34
2022-06-08,600572,3.88,3.83,3.89,3.79,487240,218577843.0,2.56,-2.05,-0.08,1.9
2022-06-09,600572,3.85,3.75,3.86,3.71,297644,131672497.0,3.92,-2.09,-0.08,1.16
2022-06-10,600572,3.72,3.77,3.79,3.71,296903,130941239.0,2.13,0.53,0.02,1.16
2022-06-13,600572,3.74,3.79,3.81,3.72,284989,125979011.0,2.39,0.53,0.02,1.11
2022-06-14,600572,3.75,3.79,3.8,3.63,405539,176920589.0,4.49,0.0,0.0,1.58
2022-06-15,600572,3.79,3.81,3.85,3.78,408468,182595291.0,1.85,0.53,0.02,1.59
2022-06-16,600572,3.78,3.84,3.89,3.78,375923,169154748.0,2.89,0.79,0.03,1.47
2022-06-17,600572,3.83,3.82,3.84,3.74,277383,123353261.0,2.6,-0.52,-0.02,1.08
2022-06-20,600572,3.83,3.89,3.9,3.82,344565,155854447.0,2.09,1.83,0.07,1.34
2022-06-21,600572,3.9,3.85,3.93,3.82,251137,113702595.0,2.83,-1.03,-0.04,0.98
2022-06-22,600572,3.86,3.88,3.96,3.84,387426,176022673.0,3.12,0.78,0.03,1.51
2022-06-23,600572,3.9,3.92,3.93,3.86,313272,142447923.0,1.8,1.03,0.04,1.22
2022-06-24,600572,3.92,3.92,3.95,3.89,233156,106557789.0,1.53,0.0,0.0,0.91
2022-06-27,600572,3.95,3.98,4.01,3.92,380446,175807787.0,2.3,1.53,0.06,1.48
2022-06-28,600572,3.96,3.98,3.98,3.89,326012,149425849.0,2.26,0.0,0.0,1.27
2022-06-29,600572,4.0,3.93,4.01,3.92,357945,159421393.0,2.26,-1.26,-0.05,1.4
2022-06-30,600572,3.93,3.94,3.98,3.91,270500,120137775.0,1.78,0.25,0.01,1.06
2022-07-01,600572,3.95,3.92,3.97,3.91,223612,99160565.0,1.52,-0.51,-0.02,0.87
2022-07-04,600572,3.91,4.07,4.09,3.9,484680,218749736.0,4.85,3.83,0.15,1.89
2022-07-05,600572,4.08,4.01,4.08,3.97,278638,125360303.0,2.7,-1.47,-0.06,1.09
2022-07-06,600572,4.01,3.94,4.04,3.91,282398,125435287.0,3.24,-1.75,-0.07,1.1
2022-07-07,600572,3.94,3.92,3.96,3.91,188625,83301889.0,1.27,-0.51,-0.02,0.74
2022-07-08,600572,3.93,3.95,3.99,3.93,212020,94170000.0,1.53,0.77,0.03,0.83
2022-07-11,600572,3.95,3.99,4.02,3.94,274522,122864012.0,2.03,1.01,0.04,1.07
2022-07-12,600572,3.99,3.9,3.99,3.9,269279,118989867.0,2.26,-2.26,-0.09,1.05
2022-07-13,600572,3.9,3.87,3.91,3.85,236888,103261792.0,1.54,-0.77,-0.03,0.92
2022-07-14,600572,3.89,3.87,3.9,3.85,229632,100116196.0,1.29,0.0,0.0,0.9
2022-07-15,600572,3.85,3.77,3.85,3.76,265775,114104457.0,2.33,-2.58,-0.1,1.04
2022-07-18,600572,3.76,3.82,3.83,3.75,178521,76598925.0,2.12,1.33,0.05,0.7
2022-07-19,600572,3.87,3.84,3.9,3.82,185015,80366323.0,2.09,0.52,0.02,0.72
2022-07-20,600572,3.85,3.88,3.91,3.85,160144,70000503.0,1.56,1.04,0.04,0.62
2022-07-21,600572,3.87,3.84,3.88,3.84,146949,63872022.0,1.03,-1.03,-0.04,0.57
2022-07-22,600572,3.85,3.81,3.88,3.78,173296,74799274.0,2.6,-0.78,-0.03,0.68
2022-07-25,600572,3.82,3.84,3.86,3.79,188229,81124527.0,1.84,0.79,0.03,0.73
2022-07-26,600572,3.83,3.85,3.85,3.81,138242,59738903.0,1.04,0.26,0.01,0.54
2022-07-27,600572,3.83,3.84,3.85,3.81,137080,59225712.0,1.04,-0.26,-0.01,0.53
2022-07-28,600572,3.85,3.84,3.85,3.82,167675,72598139.0,0.78,0.0,0.0,0.65
2022-07-29,600572,3.84,3.79,3.84,3.78,173508,74468646.0,1.56,-1.3,-0.05,0.68
2022-08-01,600572,3.79,3.77,3.8,3.73,196740,83584409.0,1.85,-0.53,-0.02,0.77
2022-08-02,600572,3.74,3.62,3.74,3.59,379675,156290512.0,3.98,-3.98,-0.15,1.48
2022-08-03,600572,3.62,3.62,3.68,3.61,201941,83511489.0,1.93,0.0,0.0,0.79
2022-08-04,600572,3.64,3.64,3.66,3.6,141024,58060453.0,1.66,0.55,0.02,0.55
2022-08-05,600572,3.64,3.67,3.68,3.62,145153,60082091.0,1.65,0.82,0.03,0.57
2022-08-08,600572,3.66,3.69,3.72,3.65,162622,68090161.0,1.91,0.54,0.02,0.63
2022-08-09,600572,3.69,3.65,3.69,3.64,120398,49916601.0,1.36,-1.08,-0.04,0.47
2022-08-10,600572,3.65,3.63,3.66,3.62,109980,45355385.0,1.1,-0.55,-0.02,0.43
2022-08-11,600572,3.64,3.69,3.69,3.63,134884,56087302.0,1.65,1.65,0.06,0.53
2022-08-12,600572,3.69,3.71,3.72,3.67,130644,54766536.0,1.36,0.54,0.02,0.51
2022-08-15,600572,3.71,3.7,3.71,3.68,141382,59190015.0,0.81,-0.27,-0.01,0.55
2022-08-16,600572,3.7,3.7,3.71,3.68,146616,61394512.0,0.81,0.0,0.0,0.57
2022-08-17,600572,3.71,3.72,3.73,3.68,128843,53994488.0,1.35,0.54,0.02,0.5
2022-08-18,600572,3.72,3.69,3.72,3.66,150689,62839538.0,1.61,-0.81,-0.03,0.59
2022-08-19,600572,3.68,3.66,3.69,3.65,125692,52267984.0,1.08,-0.81,-0.03,0.49
2022-08-22,600572,3.65,3.67,3.68,3.63,161484,66961537.0,1.37,0.27,0.01,0.63
2022-08-23,600572,3.65,3.66,3.68,3.64,100459,41657734.0,1.09,-0.27,-0.01,0.39
2022-08-24,600572,3.67,3.62,3.68,3.61,186431,76998895.0,1.91,-1.09,-0.04,0.73
2022-08-25,600572,3.63,3.61,3.64,3.58,182858,74936887.0,1.66,-0.28,-0.01,0.71
2022-08-26,600572,3.61,3.61,3.66,3.6,117272,48281028.0,1.66,0.0,0.0,0.46
2022-08-29,600572,3.58,3.62,3.63,3.56,110189,45079196.0,1.94,0.28,0.01,0.43
2022-08-30,600572,3.63,3.64,3.65,3.61,116765,48135985.0,1.1,0.55,0.02,0.46
2022-08-31,600572,3.63,3.62,3.64,3.59,131669,54084734.0,1.37,-0.55,-0.02,0.51
2022-09-01,600572,3.6,3.62,3.65,3.6,121402,49996033.0,1.38,0.0,0.0,0.47
2022-09-02,600572,3.62,3.64,3.65,3.61,120331,49623891.0,1.1,0.55,0.02,0.47
2022-09-05,600572,3.64,3.64,3.65,3.62,115636,47701794.0,0.82,0.0,0.0,0.45
2022-09-06,600572,3.65,3.67,3.68,3.63,140965,58458718.0,1.37,0.82,0.03,0.55
2022-09-07,600572,3.67,3.64,3.67,3.63,119088,49269710.0,1.09,-0.82,-0.03,0.46
2022-09-08,600572,3.64,3.64,3.66,3.63,91425,37770624.0,0.82,0.0,0.0,0.36
2022-09-09,600572,3.63,3.66,3.66,3.63,119752,49545960.0,0.82,0.55,0.02,0.47
2022-09-13,600572,3.67,3.65,3.68,3.65,143689,59724867.0,0.82,-0.27,-0.01,0.56
2022-09-14,600572,3.62,3.62,3.63,3.59,143861,59019720.0,1.1,-0.82,-0.03,0.56
2022-09-15,600572,3.64,3.59,3.66,3.57,180267,74001624.0,2.49,-0.83,-0.03,0.7
2022-09-16,600572,3.61,3.53,3.63,3.52,241893,98127863.0,3.06,-1.67,-0.06,0.94
2022-09-19,600572,3.51,3.49,3.53,3.48,158791,63375156.0,1.42,-1.13,-0.04,0.62
2022-09-20,600572,3.5,3.5,3.51,3.49,104077,41528976.0,0.57,0.29,0.01,0.41
2022-09-21,600572,3.49,3.52,3.52,3.42,124707,49359873.0,2.86,0.57,0.02,0.49
2022-09-22,600572,3.5,3.46,3.5,3.46,94299,37404266.0,1.14,-1.7,-0.06,0.37
2022-09-23,600572,3.45,3.43,3.46,3.39,120816,47354439.0,2.02,-0.87,-0.03,0.47
2022-09-26,600572,3.43,3.36,3.43,3.34,163509,63107797.0,2.62,-2.04,-0.07,0.64
2022-09-27,600572,3.34,3.42,3.43,3.34,118184,45829018.0,2.68,1.79,0.06,0.46
2022-09-28,600572,3.43,3.41,3.47,3.39,135777,53195004.0,2.34,-0.29,-0.01,0.53
2022-09-29,600572,3.43,3.41,3.49,3.38,137098,53942711.0,3.23,0.0,0.0,0.53
2022-09-30,600572,3.4,3.47,3.49,3.4,166025,65607151.0,2.64,1.76,0.06,0.65
2022-10-10,600572,3.46,3.46,3.52,3.43,159177,63241937.0,2.59,-0.29,-0.01,0.62
2022-10-11,600572,3.46,3.46,3.48,3.38,121031,47345707.0,2.89,0.0,0.0,0.47
2022-10-12,600572,3.46,3.5,3.5,3.39,127279,50120922.0,3.18,1.16,0.04,0.5
2022-10-13,600572,3.47,3.52,3.54,3.46,162868,65197962.0,2.29,0.57,0.02,0.64
2022-10-14,600572,3.53,3.6,3.64,3.52,267573,109418086.0,3.41,2.27,0.08,1.04
2022-10-17,600572,3.61,3.65,3.69,3.6,258601,107139115.0,2.5,1.39,0.05,1.01
2022-10-18,600572,3.66,3.72,3.74,3.62,380182,159259674.0,3.29,1.92,0.07,1.48
2022-10-19,600572,3.73,3.68,3.73,3.64,229992,95741108.0,2.42,-1.08,-0.04,0.9
2022-10-20,600572,3.67,3.66,3.71,3.65,206777,86213534.0,1.63,-0.54,-0.02,0.81
2022-10-21,600572,3.66,3.69,3.7,3.64,143461,59669074.0,1.64,0.82,0.03,0.56
2022-10-24,600572,3.69,3.58,3.71,3.53,239201,98141331.0,4.88,-2.98,-0.11,0.93
2022-10-25,600572,3.57,3.53,3.6,3.48,160815,64581425.0,3.35,-1.4,-0.05,0.63
2022-10-26,600572,3.53,3.63,3.67,3.51,277045,114047110.0,4.53,2.83,0.1,1.08
2022-10-27,600572,3.65,3.72,3.74,3.6,388323,162157925.0,3.86,2.48,0.09,1.51
2022-10-28,600572,3.7,3.66,3.72,3.62,318126,132808322.0,2.69,-1.61,-0.06,1.24
2022-10-31,600572,3.63,3.7,3.74,3.59,272381,113080076.0,4.1,1.09,0.04,1.06
2022-11-01,600572,3.71,3.75,3.76,3.66,314587,132189955.0,2.7,1.35,0.05,1.23
2022-11-02,600572,3.72,3.92,3.99,3.7,900304,394075924.0,7.73,4.53,0.17,3.51
2022-11-03,600572,3.85,3.91,3.92,3.82,324197,141203580.0,2.55,-0.26,-0.01,1.26
2022-11-04,600572,3.91,3.88,3.93,3.86,255175,111791933.0,1.79,-0.77,-0.03,1.0
2022-11-07,600572,3.87,3.93,4.01,3.83,402681,178079296.0,4.64,1.29,0.05,1.57
2022-11-08,600572,3.91,3.93,3.94,3.86,200915,88207902.0,2.04,0.0,0.0,0.78
2022-11-09,600572,3.91,3.97,4.01,3.89,273450,121959693.0,3.05,1.02,0.04,1.07
2022-11-10,600572,3.95,4.01,4.08,3.94,667728,300217427.0,3.53,1.01,0.04,2.6
2022-11-11,600572,4.06,3.89,4.07,3.87,674131,301537508.0,4.99,-2.99,-0.12,2.63
2022-11-14,600572,3.85,4.1,4.14,3.85,932914,422184699.0,7.46,5.4,0.21,3.64
2022-11-15,600572,4.08,4.08,4.13,3.99,538968,244502187.0,3.41,-0.49,-0.02,2.1
2022-11-16,600572,4.07,4.05,4.09,4.0,440430,199704757.0,2.21,-0.74,-0.03,1.72
2022-11-17,600572,4.02,4.13,4.16,4.02,528085,243342986.0,3.46,1.98,0.08,2.06
2022-11-18,600572,4.15,4.24,4.3,4.12,701169,330875893.0,4.36,2.66,0.11,2.74
2022-11-21,600572,4.2,4.45,4.51,4.17,1067273,522960021.0,8.02,4.95,0.21,4.16
2022-11-22,600572,4.47,4.24,4.56,4.16,1102186,536182230.0,8.99,-4.72,-0.21,4.3
2022-11-23,600572,4.23,4.1,4.27,4.01,590837,271461190.0,6.13,-3.3,-0.14,2.3
2022-11-24,600572,4.09,4.15,4.18,4.04,407867,188589454.0,3.41,1.22,0.05,1.59
2022-11-25,600572,4.12,4.28,4.35,4.09,538230,253710857.0,6.27,3.13,0.13,2.1
2022-11-28,600572,4.25,4.36,4.44,4.22,633758,305983727.0,5.14,1.87,0.08,2.47
2022-11-29,600572,4.3,4.35,4.41,4.27,529851,256304197.0,3.21,-0.23,-0.01,2.07
2022-11-30,600572,4.3,4.26,4.36,4.22,421203,200875044.0,3.22,-2.07,-0.09,1.64
2022-12-01,600572,4.28,4.35,4.39,4.21,514146,246889499.0,4.23,2.11,0.09,2.01
2022-12-02,600572,4.33,4.3,4.38,4.28,289028,138880184.0,2.3,-1.15,-0.05,1.13
2022-12-05,600572,4.37,4.31,4.44,4.29,436536,211733014.0,3.49,0.23,0.01,1.7
2022-12-06,600572,4.31,4.22,4.44,4.19,490317,234376464.0,5.8,-2.09,-0.09,1.91
2022-12-07,600572,4.22,4.5,4.5,4.21,947358,461852598.0,6.87,6.64,0.28,3.7
2022-12-08,600572,4.46,4.35,4.47,4.29,742515,359902303.0,4.0,-3.33,-0.15,2.9
2022-12-09,600572,4.29,4.31,4.41,4.29,671067,325996644.0,2.76,-0.92,-0.04,2.62
2022-12-12,600572,4.45,4.6,4.66,4.44,1230383,617676238.0,5.1,6.73,0.29,4.8
2022-12-13,600572,4.65,4.6,4.7,4.45,907724,458521164.0,5.43,0.0,0.0,3.54
2022-12-14,600572,4.55,4.35,4.57,4.32,791137,386282309.0,5.43,-5.43,-0.25,3.09
2022-12-15,600572,4.32,4.28,4.39,4.26,425399,204308948.0,2.99,-1.61,-0.07,1.66
2022-12-16,600572,4.28,4.35,4.39,4.26,364769,176525513.0,3.04,1.64,0.07,1.42
2022-12-19,600572,4.5,4.28,4.52,4.21,712474,345813841.0,7.13,-1.61,-0.07,2.78
2022-12-20,600572,4.21,4.18,4.3,4.12,386218,180525054.0,4.21,-2.34,-0.1,1.51
2022-12-21,600572,4.21,4.31,4.43,4.19,444646,213898595.0,5.74,3.11,0.13,1.73
2022-12-22,600572,4.37,4.14,4.39,4.13,346571,163177580.0,6.03,-3.94,-0.17,1.35
2022-12-23,600572,4.12,4.15,4.19,4.09,234203,108437564.0,2.42,0.24,0.01,0.91
2022-12-26,600572,4.13,4.02,4.17,3.94,503055,226518571.0,5.54,-3.13,-0.13,1.96
2022-12-27,600572,3.99,3.91,4.01,3.84,340300,149333791.0,4.23,-2.74,-0.11,1.33
2022-12-28,600572,3.92,3.94,3.97,3.87,233426,103205965.0,2.56,0.77,0.03,0.91
2022-12-29,600572,3.93,4.38,4.38,3.9,1247710,594171519.0,12.18,11.17,0.44,4.87
2022-12-30,600572,4.38,4.24,4.38,4.22,917159,437665638.0,3.65,-3.2,-0.14,3.58
2023-01-03,600572,4.62,4.5,4.69,4.47,1630569,824269058.0,5.19,6.13,0.26,6.36
2023-01-04,600572,4.49,4.32,4.51,4.3,1024258,495860184.0,4.67,-4.0,-0.18,4.0
2023-01-05,600572,4.32,4.23,4.33,4.23,572977,272265214.0,2.31,-2.08,-0.09,2.24
2023-01-06,600572,4.24,4.12,4.25,4.1,458987,212963506.0,3.55,-2.6,-0.11,1.79
2023-01-09,600572,4.13,4.13,4.16,4.1,307068,141971164.0,1.46,0.24,0.01,1.2
2023-01-10,600572,4.12,4.13,4.15,4.07,252304,116143810.0,1.94,0.0,0.0,0.98
2023-01-11,600572,4.13,4.12,4.18,4.09,250197,115570516.0,2.18,-0.24,-0.01,0.98
2023-01-12,600572,4.12,4.07,4.13,4.06,205926,94318910.0,1.7,-1.21,-0.05,0.8
2023-01-13,600572,4.07,4.07,4.1,4.04,206609,94060545.0,1.47,0.0,0.0,0.81
2023-01-16,600572,4.11,4.49,4.53,4.11,1803629,891082990.0,10.32,10.32,0.42,7.04
2023-01-17,600572,4.49,4.44,4.61,4.41,1083861,541489382.0,4.45,-1.11,-0.05,4.23
2023-01-18,600572,4.51,4.51,4.55,4.44,482226,240683055.0,2.48,1.58,0.07,1.88
2023-01-19,600572,4.52,4.53,4.58,4.44,398678,199817399.0,3.1,0.44,0.02,1.56
2023-01-20,600572,4.57,4.54,4.63,4.53,384738,194474891.0,2.21,0.22,0.01,1.5
2023-01-30,600572,4.56,4.44,4.56,4.42,410849,204093784.0,3.08,-2.2,-0.1,1.6
2023-01-31,600572,4.44,4.36,4.44,4.35,318937,155389487.0,2.03,-1.8,-0.08,1.24
2023-02-01,600572,4.38,4.4,4.4,4.34,276109,134197262.0,1.38,0.92,0.04,1.08
2023-02-02,600572,4.38,4.42,4.51,4.36,354336,174579477.0,3.41,0.45,0.02,1.38
2023-02-03,600572,4.41,4.37,4.43,4.32,246223,119596210.0,2.49,-1.13,-0.05,0.96
2023-02-06,600572,4.36,4.34,4.39,4.32,169785,82150851.0,1.6,-0.69,-0.03,0.66
2023-02-07,600572,4.33,4.29,4.36,4.26,282208,135054857.0,2.3,-1.15,-0.05,1.1
2023-02-08,600572,4.29,4.29,4.33,4.27,208214,99680220.0,1.4,0.0,0.0,0.81
2023-02-09,600572,4.26,4.3,4.36,4.26,256158,122500087.0,2.33,0.23,0.01,1.0
2023-02-10,600572,4.29,4.27,4.3,4.24,214864,102183736.0,1.4,-0.7,-0.03,0.84
2023-02-13,600572,4.27,4.31,4.33,4.25,254480,121798560.0,1.87,0.94,0.04,0.99
2023-02-14,600572,4.31,4.35,4.35,4.3,227743,109738289.0,1.16,0.93,0.04,0.89
2023-02-15,600572,4.35,4.37,4.44,4.34,355303,173038451.0,2.3,0.46,0.02,1.39
2023-02-16,600572,4.38,4.56,4.67,4.38,1212539,612454773.0,6.64,4.35,0.19,4.73
2023-02-17,600572,4.54,4.53,4.65,4.5,573500,290443192.0,3.29,-0.66,-0.03,2.24
2023-02-20,600572,4.57,4.59,4.62,4.46,562134,282310387.0,3.53,1.32,0.06,2.19
2023-02-21,600572,4.59,4.76,4.79,4.57,810582,422956031.0,4.79,3.7,0.17,3.16
2023-02-22,600572,4.74,4.75,4.81,4.71,402378,211362250.0,2.1,-0.21,-0.01,1.57
2023-02-23,600572,4.75,4.72,4.87,4.68,467748,245196937.0,4.0,-0.63,-0.03,1.82
2023-02-24,600572,4.73,4.68,4.75,4.67,299884,155471818.0,1.69,-0.85,-0.04,1.17
2023-02-27,600572,4.67,4.63,4.72,4.6,298548,153232265.0,2.56,-1.07,-0.05,1.16
2023-02-28,600572,4.67,4.75,4.78,4.63,423217,220821180.0,3.24,2.59,0.12,1.65
2023-03-01,600572,4.85,4.8,4.91,4.75,580512,308310342.0,3.37,1.05,0.05,2.26
2023-03-02,600572,4.8,4.72,4.81,4.7,312332,163170634.0,2.29,-1.67,-0.08,1.22
2023-03-03,600572,4.72,4.73,4.77,4.69,225014,117290446.0,1.69,0.21,0.01,0.88
2023-03-06,600572,4.72,4.77,4.84,4.68,344773,181209238.0,3.38,0.85,0.04,1.35
2023-03-07,600572,4.78,4.9,5.09,4.78,972051,532868649.0,6.5,2.73,0.13,3.79
2023-03-08,600572,4.89,4.84,4.95,4.79,423414,226549063.0,3.27,-1.22,-0.06,1.65
2023-03-09,600572,4.85,4.88,4.92,4.83,299604,160723807.0,1.86,0.83,0.04,1.17
2023-03-10,600572,4.82,4.78,4.84,4.74,301995,159339666.0,2.05,-2.05,-0.1,1.18
2023-03-13,600572,4.76,5.05,5.07,4.72,711670,386710594.0,7.32,5.65,0.27,2.78
2023-03-14,600572,5.02,4.97,5.13,4.88,550120,300334253.0,4.95,-1.58,-0.08,2.15
2023-03-15,600572,4.96,5.36,5.43,4.96,1126903,653814190.0,9.46,7.85,0.39,4.4
2023-03-16,600572,5.39,5.51,5.66,5.29,1298820,779321032.0,6.9,2.8,0.15,5.07
2023-03-17,600572,5.51,5.46,5.61,5.41,628678,375872576.0,3.63,-0.91,-0.05,2.45
2023-03-20,600572,5.46,5.37,5.47,5.29,532034,311428430.0,3.3,-1.65,-0.09,2.08
2023-03-21,600572,5.37,5.33,5.42,5.29,366605,214086557.0,2.42,-0.74,-0.04,1.43
2023-03-22,600572,5.35,5.36,5.59,5.33,541084,320845671.0,4.88,0.56,0.03,2.11
2023-03-23,600572,5.36,5.35,5.48,5.3,344913,202528313.0,3.36,-0.19,-0.01,1.35
2023-03-24,600572,5.37,5.14,5.47,5.09,645493,367618936.0,7.1,-3.93,-0.21,2.52
2023-03-27,600572,5.15,5.08,5.19,5.03,327907,183129226.0,3.11,-1.17,-0.06,1.28
2023-03-28,600572,5.11,5.35,5.46,5.09,652269,377720383.0,7.28,5.31,0.27,2.54
2023-03-29,600572,5.32,5.35,5.48,5.26,421107,246692562.0,4.11,0.0,0.0,1.64
2023-03-30,600572,5.36,5.27,5.36,5.19,258069,148082997.0,3.18,-1.5,-0.08,1.01
2023-03-31,600572,5.28,5.46,5.53,5.28,544587,323897546.0,4.74,3.61,0.19,2.12
2023-04-03,600572,5.49,5.56,5.73,5.46,644498,391426329.0,4.95,1.83,0.1,2.51
2023-04-04,600572,5.56,6.08,6.09,5.52,1181524,757449217.0,10.25,9.35,0.52,4.61
2023-04-06,600572,6.08,6.14,6.34,6.01,1165968,776628288.0,5.43,0.99,0.06,4.55
2023-04-07,600572,6.13,5.89,6.14,5.87,802015,516183583.0,4.4,-4.07,-0.25,3.13
2023-04-10,600572,5.93,5.84,6.01,5.81,406377,259124466.0,3.4,-0.85,-0.05,1.59
2023-04-11,600572,5.84,5.91,5.98,5.79,409844,260846859.0,3.25,1.2,0.07,1.6
2023-04-12,600572,5.9,5.89,6.15,5.84,622220,402577666.0,5.25,-0.34,-0.02,2.43
2023-04-13,600572,5.87,6.01,6.04,5.78,523238,337979842.0,4.41,2.04,0.12,2.04
2023-04-14,600572,6.02,6.09,6.12,5.85,582252,377878475.0,4.49,1.33,0.08,2.27
2023-04-17,600572,6.07,6.31,6.36,6.05,654781,442135409.0,5.09,3.61,0.22,2.55
2023-04-18,600572,6.29,6.31,6.42,6.16,400242,270635321.0,4.12,0.0,0.0,1.56
2023-04-19,600572,6.38,6.19,6.56,6.17,638851,437729731.0,6.18,-1.9,-0.12,2.49
2023-04-20,600572,6.21,6.27,6.41,6.15,592522,401213990.0,4.2,1.29,0.08,2.31
2023-04-21,600572,6.39,6.21,6.41,6.15,453134,306544999.0,4.15,-0.96,-0.06,1.77
2023-04-24,600572,6.27,6.2,6.36,6.11,448108,300651661.0,4.03,-0.16,-0.01,1.75
2023-04-25,600572,6.23,6.13,6.26,5.96,521739,343048334.0,4.84,-1.13,-0.07,2.04
2023-04-26,600572,6.16,6.1,6.18,6.0,460510,302452337.0,2.94,-0.49,-0.03,1.8
2023-04-27,600572,6.14,6.46,6.52,6.05,883741,604755148.0,7.7,5.9,0.36,3.45
2023-04-28,600572,6.44,6.43,6.59,6.23,585918,404462983.0,5.57,-0.46,-0.03,2.29
2023-05-04,600572,6.48,6.87,6.95,6.39,807706,586899108.0,8.71,6.84,0.44,3.15
2023-05-05,600572,6.81,6.71,6.91,6.51,639870,458890782.0,5.82,-2.33,-0.16,2.5
2023-05-08,600572,6.72,6.53,6.9,6.46,536831,381660212.0,6.56,-2.68,-0.18,2.09
2023-05-09,600572,6.56,6.42,6.6,6.39,325618,226407093.0,3.22,-1.68,-0.11,1.27
2023-05-10,600572,6.4,6.42,6.43,6.26,341356,233921776.0,2.65,0.0,0.0,1.33
2023-05-11,600572,6.42,5.87,6.42,5.73,1207265,772536504.0,10.75,-8.57,-0.55,4.71
2023-05-12,600572,5.99,6.09,6.27,5.93,746140,492557445.0,5.79,3.75,0.22,2.91
2023-05-15,600572,6.03,6.06,6.13,5.84,378675,244828245.0,4.76,-0.49,-0.03,1.48
2023-05-16,600572,6.06,5.86,6.1,5.81,563499,359554077.0,4.79,-3.3,-0.2,2.2
2023-05-17,600572,5.86,5.83,5.86,5.63,526918,327965627.0,3.92,-0.51,-0.03,2.06
2023-05-18,600572,5.81,5.95,6.15,5.79,436614,282957230.0,6.17,2.06,0.12,1.7
2023-05-19,600572,5.95,6.15,6.25,5.89,458314,303931086.0,6.05,3.36,0.2,1.79
2023-05-22,600572,6.11,6.09,6.28,5.99,385501,254020168.0,4.72,-0.98,-0.06,1.5
2023-05-23,600572,6.11,6.06,6.26,6.04,372738,247743768.0,3.61,-0.49,-0.03,1.45
2023-05-24,600572,6.01,5.87,6.03,5.78,330817,210700616.0,4.13,-3.14,-0.19,1.29
2023-05-25,600572,5.87,5.93,5.96,5.81,306405,195603073.0,2.56,1.02,0.06,1.2
2023-05-26,600572,5.88,6.32,6.46,5.85,858819,580336082.0,10.29,6.58,0.39,3.35
2023-05-29,600572,6.2,6.43,6.78,6.2,775412,545393532.0,9.18,1.74,0.11,3.03
2023-05-30,600572,6.41,6.43,6.5,6.26,440978,303065955.0,3.73,0.0,0.0,1.72
2023-05-31,600572,6.43,6.46,6.57,6.39,395101,275477623.0,2.8,0.47,0.03,1.54
2023-06-01,600572,6.41,6.35,6.6,6.33,359668,248295408.0,4.18,-1.7,-0.11,1.4
2023-06-02,600572,6.36,6.21,6.41,6.19,334754,225777968.0,3.46,-2.2,-0.14,1.31
2023-06-05,600572,6.22,6.48,6.52,6.21,555014,382589057.0,4.99,4.35,0.27,2.17
2023-06-06,600572,6.48,6.28,6.51,6.26,352629,241454657.0,3.86,-3.09,-0.2,1.38
2023-06-07,600572,6.32,6.6,6.69,6.24,705393,497489380.0,7.17,5.1,0.32,2.75
2023-06-08,600572,6.55,6.46,6.6,6.32,463497,322187093.0,4.24,-2.12,-0.14,1.81
2023-06-09,600572,6.47,6.43,6.59,6.34,356858,241471950.0,3.87,-0.46,-0.03,1.39
2023-06-12,600572,6.36,6.36,6.42,6.24,357980,238107663.0,2.8,-1.09,-0.07,1.4
2023-06-13,600572,6.31,6.25,6.4,6.21,298268,197171191.0,2.99,-1.73,-0.11,1.16
2023-06-14,600572,6.24,6.18,6.32,6.15,328639,215318651.0,2.72,-1.12,-0.07,1.28
2023-06-15,600572,6.23,6.22,6.24,6.06,309082,200849194.0,2.91,0.65,0.04,1.21
2023-06-16,600572,6.23,6.23,6.41,6.17,358511,236985573.0,3.86,0.16,0.01,1.4
2023-06-19,600572,6.21,6.29,6.44,6.11,470223,313068128.0,5.3,0.96,0.06,1.83
2023-06-20,600572,6.26,6.25,6.66,6.22,564773,381406747.0,7.0,-0.64,-0.04,2.2
2023-06-21,600572,6.24,6.15,6.33,6.11,311458,203320784.0,3.52,-1.6,-0.1,1.22
2023-06-26,600572,6.16,5.9,6.16,5.87,505659,319136732.0,4.72,-4.07,-0.25,1.97
2023-06-27,600572,5.93,6.03,6.11,5.93,519257,329997831.0,3.05,2.2,0.13,2.03
2023-06-28,600572,6.03,6.06,6.18,5.94,335100,214087174.0,3.98,0.5,0.03,1.31
2023-06-29,600572,6.18,6.34,6.41,6.06,528057,350048926.0,5.78,4.62,0.28,2.06
2023-06-30,600572,6.24,6.51,6.62,6.22,539282,369364756.0,6.31,2.68,0.17,2.1
2023-07-03,600572,6.5,6.31,6.53,6.1,614894,406354734.0,6.61,-3.07,-0.2,2.4
2023-07-04,600572,6.27,6.1,6.32,6.06,466078,301544196.0,4.12,-3.33,-0.21,1.82
2023-07-05,600572,6.23,5.59,6.26,5.54,1511715,919993459.0,11.8,-8.36,-0.51,5.9
2023-07-06,600572,5.59,5.35,5.6,5.31,971545,555702033.0,5.19,-4.29,-0.24,3.79
2023-07-07,600572,5.36,5.36,5.4,5.27,460523,261909380.0,2.43,0.19,0.01,1.8
2023-07-10,600572,5.31,5.29,5.38,5.24,428117,241392129.0,2.61,-1.31,-0.07,1.67
2023-07-11,600572,5.28,5.2,5.29,5.16,476152,263928980.0,2.46,-1.7,-0.09,1.86
2023-07-12,600572,5.2,5.21,5.28,5.18,374854,208627119.0,1.92,0.19,0.01,1.46
2023-07-13,600572,5.22,5.21,5.25,5.16,356464,197438239.0,1.73,0.0,0.0,1.39
2023-07-14,600572,5.22,5.26,5.29,5.19,392782,219808494.0,1.92,0.96,0.05,1.53
2023-07-17,600572,5.23,5.38,5.4,5.17,576317,326454679.0,4.37,2.28,0.12,2.25
2023-07-18,600572,5.37,5.33,5.39,5.31,337679,191970567.0,1.49,-0.93,-0.05,1.32
2023-07-19,600572,5.33,5.33,5.38,5.28,254320,144048636.0,1.88,0.0,0.0,0.99
2023-07-20,600572,5.3,5.26,5.35,5.26,260912,147035194.0,1.69,-1.31,-0.07,1.02
2023-07-21,600572,5.25,5.25,5.29,5.2,270049,150794235.0,1.71,-0.19,-0.01,1.05
2023-07-24,600572,5.24,5.29,5.35,5.21,314214,177052296.0,2.67,0.76,0.04,1.23
2023-07-25,600572,5.32,5.32,5.35,5.28,351417,198456652.0,1.32,0.57,0.03,1.37
2023-07-26,600572,5.3,5.22,5.32,5.19,406409,226852881.0,2.44,-1.88,-0.1,1.59
2023-07-27,600572,5.21,5.19,5.25,5.18,242991,134942028.0,1.34,-0.57,-0.03,0.95
2023-07-28,600572,5.17,5.2,5.25,5.17,331539,183862066.0,1.54,0.19,0.01,1.29
2023-07-31,600572,5.2,5.13,5.24,5.09,610636,335862584.0,2.88,-1.35,-0.07,2.38
2023-08-01,600572,5.12,5.02,5.14,5.0,651245,350171059.0,2.73,-2.14,-0.11,2.54
2023-08-02,600572,5.03,5.03,5.04,4.97,323495,172990566.0,1.39,0.2,0.01,1.26
2023-08-03,600572,5.01,5.06,5.11,4.99,380050,205577068.0,2.39,0.6,0.03,1.48
2023-08-04,600572,5.08,5.09,5.16,5.07,340400,185543107.0,1.78,0.59,0.03,1.33
2023-08-07,600572,5.09,4.86,5.11,4.84,914498,478644159.0,5.3,-4.52,-0.23,3.57
2023-08-08,600572,4.86,5.01,5.06,4.85,750439,398619231.0,4.32,3.09,0.15,2.93
2023-08-09,600572,5.01,4.98,5.05,4.94,384184,204906246.0,2.2,-0.6,-0.03,1.5
2023-08-10,600572,4.99,4.99,5.03,4.96,252562,134726610.0,1.41,0.2,0.01,0.99
2023-08-11,600572,5.01,4.94,5.06,4.94,300688,160715935.0,2.4,-1.0,-0.05,1.17
2023-08-14,600572,4.92,5.04,5.05,4.89,378202,201153566.0,3.24,2.02,0.1,1.48
2023-08-15,600572,5.04,5.06,5.1,4.99,360701,194466711.0,2.18,0.4,0.02,1.41
2023-08-16,600572,5.06,5.02,5.11,5.01,316761,171270718.0,1.98,-0.79,-0.04,1.24
2023-08-17,600572,5.0,5.03,5.04,4.97,257863,137860481.0,1.39,0.2,0.01,1.01
2023-08-18,600572,5.02,4.77,5.03,4.77,804492,417437172.0,5.17,-5.17,-0.26,3.14
2023-08-21,600572,4.77,4.79,4.89,4.74,438702,226513835.0,3.14,0.42,0.02,1.71
2023-08-22,600572,4.82,4.79,4.84,4.69,343986,175173433.0,3.13,0.0,0.0,1.34
2023-08-23,600572,4.79,4.72,4.81,4.71,241287,123251534.0,2.09,-1.46,-0.07,0.94
2023-08-24,600572,4.72,4.72,4.76,4.66,279604,141275818.0,2.12,0.0,0.0,1.09
2023-08-25,600572,4.71,4.68,4.76,4.65,243868,123042497.0,2.33,-0.85,-0.04,0.95
2023-08-28,600572,4.88,4.7,4.93,4.67,551850,283848647.0,5.56,0.43,0.02,2.15
2023-08-29,600572,4.7,4.8,4.82,4.68,343222,175426734.0,2.98,2.13,0.1,1.34
2023-08-30,600572,4.85,4.84,4.88,4.8,324777,168303255.0,1.67,0.83,0.04,1.27
2023-08-31,600572,4.85,4.86,4.9,4.77,333420,172775295.0,2.69,0.41,0.02,1.3
2023-09-01,600572,4.86,4.85,4.88,4.82,177348,92100856.0,1.23,-0.21,-0.01,0.69
2023-09-04,600572,4.85,4.87,4.87,4.83,288157,149686144.0,0.82,0.41,0.02,1.12
2023-09-05,600572,4.86,4.83,4.95,4.82,377457,196870238.0,2.67,-0.82,-0.04,1.47
2023-09-06,600572,4.81,4.78,4.83,4.76,222573,114222699.0,1.45,-1.04,-0.05,0.87
2023-09-07,600572,4.78,4.67,4.78,4.67,338883,171187594.0,2.3,-2.3,-0.11,1.32
2023-09-08,600572,4.67,4.66,4.7,4.63,198519,99373013.0,1.5,-0.21,-0.01,0.77
2023-09-11,600572,4.67,4.87,4.88,4.67,628963,324434857.0,4.51,4.51,0.21,2.45
2023-09-12,600572,4.87,4.92,4.99,4.86,480891,253985206.0,2.67,1.03,0.05,1.88
2023-09-13,600572,4.93,4.84,4.94,4.78,355431,184062845.0,3.25,-1.63,-0.08,1.39
2023-09-14,600572,4.82,4.84,4.87,4.78,259847,134365029.0,1.86,0.0,0.0,1.01
2023-09-15,600572,4.84,4.94,4.96,4.83,445006,234088660.0,2.69,2.07,0.1,1.74
2023-09-18,600572,4.95,4.96,4.98,4.91,349266,184759565.0,1.42,0.4,0.02,1.36
2023-09-19,600572,4.95,4.93,4.99,4.91,262826,138715258.0,1.61,-0.6,-0.03,1.03
2023-09-20,600572,4.91,4.91,4.96,4.89,200312,105408539.0,1.42,-0.41,-0.02,0.78
2023-09-21,600572,4.9,4.85,4.91,4.84,191229,99665141.0,1.43,-1.22,-0.06,0.75
2023-09-22,600572,4.84,4.88,4.9,4.78,253199,130968401.0,2.47,0.62,0.03,0.99
2023-09-25,600572,4.87,4.94,4.98,4.85,344720,182019013.0,2.66,1.23,0.06,1.34
2023-09-26,600572,4.95,4.93,4.97,4.91,200314,105676108.0,1.21,-0.2,-0.01,0.78
2023-09-27,600572,4.94,5.15,5.21,4.91,833174,453166592.0,6.09,4.46,0.22,3.25
2023-09-28,600572,5.16,5.31,5.41,5.12,932791,525576576.0,5.63,3.11,0.16,3.64
2023-10-09,600572,5.31,5.16,5.33,5.08,664682,365446632.0,4.71,-2.82,-0.15,2.59
2023-10-10,600572,5.15,4.97,5.17,4.94,587924,315172760.0,4.46,-3.68,-0.19,2.29
2023-10-11,600572,4.99,5.04,5.13,4.97,495505,267635204.0,3.22,1.41,0.07,1.93
2023-10-12,600572,5.07,5.09,5.19,5.04,373183,202975107.0,2.98,0.99,0.05,1.46
2023-10-13,600572,5.04,5.04,5.14,5.0,544193,293724250.0,2.75,-0.98,-0.05,2.12
2023-10-16,600572,5.12,5.03,5.17,4.99,522141,281487584.0,3.57,-0.2,-0.01,2.04
2023-10-17,600572,5.03,4.92,5.05,4.85,562014,294982378.0,3.98,-2.19,-0.11,2.19
2023-10-18,600572,4.92,4.77,4.92,4.76,397476,204463098.0,3.25,-3.05,-0.15,1.55
2023-10-19,600572,4.73,4.57,4.74,4.56,581385,289941005.0,3.77,-4.19,-0.2,2.27
2023-10-20,600572,4.57,4.51,4.6,4.5,368536,179708149.0,2.19,-1.31,-0.06,1.44
2023-10-23,600572,4.52,4.49,4.56,4.47,357677,173443442.0,2.0,-0.44,-0.02,1.4
2023-10-24,600572,4.49,4.51,4.57,4.46,337500,163500655.0,2.45,0.45,0.02,1.32
2023-10-25,600572,4.53,4.51,4.56,4.5,443738,215825256.0,1.33,0.0,0.0,1.73
2023-10-26,600572,4.47,4.57,4.58,4.45,462969,225168130.0,2.88,1.33,0.06,1.81
2023-10-27,600572,4.56,4.91,4.97,4.52,996507,509930714.0,9.85,7.44,0.34,3.89
2023-10-30,600572,4.82,4.91,4.98,4.81,802509,422673599.0,3.46,0.0,0.0,3.13
2023-10-31,600572,4.89,4.9,4.98,4.87,468377,246114766.0,2.24,-0.2,-0.01,1.83
2023-11-01,600572,4.9,4.89,4.94,4.84,360696,188498692.0,2.04,-0.2,-0.01,1.41
2023-11-02,600572,4.89,4.82,4.92,4.8,318520,164823480.0,2.45,-1.43,-0.07,1.24
2023-11-03,600572,4.83,4.81,4.88,4.81,292222,151303842.0,1.45,-0.21,-0.01,1.14
2023-11-06,600572,4.84,4.89,4.92,4.84,429795,224553697.0,1.66,1.66,0.08,1.68
2023-11-07,600572,4.89,4.82,4.91,4.82,381718,198348112.0,1.84,-1.43,-0.07,1.49
2023-11-08,600572,4.82,4.89,4.96,4.8,475747,249102469.0,3.32,1.45,0.07,1.86
2023-11-09,600572,4.88,4.84,4.95,4.82,370219,192690907.0,2.66,-1.02,-0.05,1.44
2023-11-10,600572,4.84,4.87,4.9,4.79,295770,153601622.0,2.27,0.62,0.03,1.15
2023-11-13,600572,4.87,4.88,4.9,4.82,243212,126287696.0,1.64,0.21,0.01,0.95
2023-11-14,600572,4.85,4.87,4.92,4.85,249302,130110616.0,1.43,-0.2,-0.01,0.97
2023-11-15,600572,4.89,4.87,4.92,4.85,254514,132606775.0,1.44,0.0,0.0,0.99
2023-11-16,600572,4.87,4.82,4.87,4.82,243980,126296617.0,1.03,-1.03,-0.05,0.95
2023-11-17,600572,4.82,4.92,4.94,4.8,513932,267909440.0,2.9,2.07,0.1,2.0
2023-11-20,600572,4.92,5.02,5.06,4.9,639560,342820276.0,3.25,2.03,0.1,2.5
2023-11-21,600572,5.03,5.03,5.1,5.01,513230,277316625.0,1.79,0.2,0.01,2.0
2023-11-22,600572,5.02,5.0,5.05,4.96,323618,173128647.0,1.79,-0.6,-0.03,1.26
2023-11-23,600572,5.0,5.05,5.08,4.98,367831,197838231.0,2.0,1.0,0.05,1.43
2023-11-24,600572,5.05,5.09,5.13,5.03,641970,348453105.0,1.98,0.79,0.04,2.5
2023-11-27,600572,5.15,5.1,5.17,5.07,774175,422410350.0,1.96,0.2,0.01,3.02
2023-11-28,600572,5.12,5.13,5.18,4.98,553934,300980166.0,3.92,0.59,0.03,2.16
2023-11-29,600572,5.13,5.11,5.17,5.09,336071,183505803.0,1.56,-0.39,-0.02,1.31
2023-11-30,600572,5.1,5.13,5.15,5.05,357029,194469531.0,1.96,0.39,0.02,1.39
2023-12-01,600572,5.13,5.15,5.25,5.12,536617,295690715.0,2.53,0.39,0.02,2.09
2023-12-04,600572,5.16,5.11,5.18,5.09,393367,215198995.0,1.75,-0.78,-0.04,1.53
2023-12-05,600572,5.09,5.03,5.11,5.01,424317,228466407.0,1.96,-1.57,-0.08,1.66
2023-12-06,600572,5.02,4.97,5.03,4.93,390770,207359594.0,1.99,-1.19,-0.06,1.52
2023-12-07,600572,4.96,4.92,4.97,4.89,315113,165890893.0,1.61,-1.01,-0.05,1.23
2023-12-08,600572,4.91,4.94,4.99,4.89,351482,185643153.0,2.03,0.41,0.02,1.37
2023-12-11,600572,4.93,4.98,5.01,4.88,354747,187865828.0,2.63,0.81,0.04,1.38
2023-12-12,600572,5.0,5.13,5.17,4.98,650788,355199006.0,3.82,3.01,0.15,2.54
2023-12-13,600572,5.11,5.17,5.22,5.1,610286,337423812.0,2.34,0.78,0.04,2.38
2023-12-14,600572,5.23,5.08,5.23,5.07,438021,239919681.0,3.09,-1.74,-0.09,1.71
2023-12-15,600572,5.08,4.89,5.09,4.88,693389,366420619.0,4.13,-3.74,-0.19,2.71
2023-12-18,600572,4.89,4.93,5.05,4.83,536754,285156388.0,4.5,0.82,0.04,2.09
2023-12-19,600572,4.93,4.85,4.95,4.81,385048,199866983.0,2.84,-1.62,-0.08,1.5
2023-12-20,600572,4.85,4.76,4.88,4.73,430848,221299701.0,3.09,-1.86,-0.09,1.68
2023-12-21,600572,4.73,4.76,4.79,4.63,376001,189839386.0,3.36,0.0,0.0,1.47
2023-12-22,600572,4.78,4.68,4.78,4.66,324889,164361390.0,2.52,-1.68,-0.08,1.27
2023-12-25,600572,4.67,4.67,4.71,4.61,280875,139888918.0,2.14,-0.21,-0.01,1.1
2023-12-26,600572,4.67,4.61,4.67,4.6,222412,110440359.0,1.5,-1.28,-0.06,0.87
2023-12-27,600572,4.61,4.65,4.67,4.58,308391,153368118.0,1.95,0.87,0.04,1.2
2023-12-28,600572,4.65,4.68,4.7,4.6,450061,224879448.0,2.15,0.65,0.03,1.76
2023-12-29,600572,4.65,4.71,4.73,4.64,389101,195867874.0,1.92,0.64,0.03,1.52
2024-01-02,600572,4.72,4.82,4.93,4.71,589049,304753096.0,4.67,2.34,0.11,2.3
2024-01-03,600572,4.8,4.87,4.95,4.79,393222,204982354.0,3.32,1.04,0.05,1.53
2024-01-04,600572,4.86,4.83,4.86,4.78,256615,132165002.0,1.64,-0.82,-0.04,1.0
2024-01-05,600572,4.83,4.78,4.89,4.76,342958,177025531.0,2.69,-1.04,-0.05,1.34
2024-01-08,600572,4.76,4.64,4.79,4.64,314726,158258250.0,3.14,-2.93,-0.14,1.23
2024-01-09,600572,4.65,4.67,4.71,4.61,294947,147472238.0,2.16,0.65,0.03,1.15
2024-01-10,600572,4.65,4.56,4.67,4.55,324998,160255341.0,2.57,-2.36,-0.11,1.27
2024-01-11,600572,4.57,4.55,4.6,4.5,350735,171403061.0,2.19,-0.22,-0.01,1.37
2024-01-12,600572,4.53,4.44,4.55,4.43,493532,238273381.0,2.64,-2.42,-0.11,1.93
2024-01-15,600572,4.41,4.46,4.53,4.39,306559,147564340.0,3.15,0.45,0.02,1.2
2024-01-16,600572,4.47,4.42,4.48,4.37,277865,132098184.0,2.47,-0.9,-0.04,1.08
2024-01-17,600572,4.42,4.31,4.48,4.3,338161,159952475.0,4.07,-2.49,-0.11,1.32
2024-01-18,600572,4.28,4.26,4.3,4.11,472044,213734271.0,4.41,-1.16,-0.05,1.84
2024-01-19,600572,4.24,4.22,4.29,4.2,264280,121082520.0,2.11,-0.94,-0.04,1.03
2024-01-22,600572,4.21,3.98,4.22,3.96,374415,165636403.0,6.16,-5.69,-0.24,1.46
2024-01-23,600572,4.01,4.14,4.17,4.0,415207,184612788.0,4.27,4.02,0.16,1.62
2024-01-24,600572,4.14,4.11,4.18,3.93,570253,250282261.0,6.04,-0.72,-0.03,2.22
2024-01-25,600572,4.11,4.28,4.3,4.06,506957,229977514.0,5.84,4.14,0.17,1.98
2024-01-26,600572,4.25,4.28,4.36,4.22,377879,175137095.0,3.27,0.0,0.0,1.47
2024-01-29,600572,4.27,4.23,4.36,4.22,477406,220659403.0,3.27,-1.17,-0.05,1.86
2024-01-30,600572,4.23,4.13,4.25,4.13,306120,138907688.0,2.84,-2.36,-0.1,1.19
2024-01-31,600572,4.19,4.13,4.3,4.12,512135,231809975.0,4.36,0.0,0.0,2.0
2024-02-01,600572,4.1,4.19,4.32,4.05,568078,258661418.0,6.54,1.45,0.06,2.22
2024-02-02,600572,4.2,4.06,4.23,3.96,481598,213556577.0,6.44,-3.1,-0.13,1.88
2024-02-05,600572,4.01,4.01,4.09,3.73,620374,264103876.0,8.87,-1.23,-0.05,2.42
2024-02-06,600572,3.95,4.24,4.29,3.86,621892,278194686.0,10.72,5.74,0.23,2.43
2024-02-07,600572,4.24,4.43,4.48,4.21,744854,352221734.0,6.37,4.48,0.19,2.91
2024-02-08,600572,4.54,4.53,4.63,4.47,623443,305319368.0,3.61,2.26,0.1,2.43
2024-02-19,600572,4.55,4.48,4.57,4.43,531557,257457809.0,3.09,-1.1,-0.05,2.07
2024-02-20,600572,4.47,4.54,4.56,4.42,408850,198840294.0,3.13,1.34,0.06,1.6
2024-02-21,600572,4.51,4.52,4.61,4.47,470468,230100849.0,3.08,-0.44,-0.02,1.84
2024-02-22,600572,4.5,4.54,4.54,4.48,406666,197170683.0,1.33,0.44,0.02,1.59
2024-02-23,600572,4.54,4.54,4.55,4.48,322771,156758501.0,1.54,0.0,0.0,1.26
2024-02-26,600572,4.52,4.56,4.59,4.51,371394,181562444.0,1.76,0.44,0.02,1.45
2024-02-27,600572,4.53,4.61,4.61,4.52,323919,158947258.0,1.97,1.1,0.05,1.26
2024-02-28,600572,4.61,4.48,4.72,4.47,576359,285541679.0,5.42,-2.82,-0.13,2.25
2024-02-29,600572,4.47,4.55,4.56,4.45,368264,178674627.0,2.46,1.56,0.07,1.44
2024-03-01,600572,4.54,4.55,4.57,4.5,300074,146284221.0,1.54,0.0,0.0,1.17
2024-03-04,600572,4.55,4.6,4.63,4.53,387465,190491321.0,2.2,1.1,0.05,1.51
2024-03-05,600572,4.58,4.57,4.59,4.52,308129,150988045.0,1.52,-0.65,-0.03,1.2
2024-03-06,600572,4.55,4.52,4.56,4.48,268911,130658096.0,1.75,-1.09,-0.05,1.05
2024-03-07,600572,4.53,4.48,4.56,4.47,315419,152966192.0,1.99,-0.88,-0.04,1.23
2024-03-08,600572,4.49,4.49,4.51,4.44,258022,124089153.0,1.56,0.22,0.01,1.01
2024-03-11,600572,4.47,4.55,4.55,4.47,276682,134318327.0,1.78,1.34,0.06,1.08
2024-03-12,600572,4.56,4.64,4.7,4.56,459955,229260269.0,3.08,1.98,0.09,1.79
2024-03-13,600572,4.66,4.61,4.66,4.57,237685,117519422.0,1.94,-0.65,-0.03,0.93
2024-03-14,600572,4.64,4.6,4.71,4.57,270475,134480126.0,3.04,-0.22,-0.01,1.06
2024-03-15,600572,4.57,4.63,4.63,4.57,251160,124024885.0,1.3,0.65,0.03,0.98
2024-03-18,600572,4.63,4.68,4.69,4.61,341628,170712644.0,1.73,1.08,0.05,1.33
2024-03-19,600572,4.69,4.67,4.74,4.66,340525,171414655.0,1.71,-0.21,-0.01,1.33
2024-03-20,600572,4.66,4.67,4.68,4.63,232138,115906178.0,1.07,0.0,0.0,0.91
2024-03-21,600572,4.65,4.65,4.68,4.61,247741,123478252.0,1.5,-0.43,-0.02,0.97
2024-03-22,600572,4.64,4.54,4.65,4.53,340424,166981208.0,2.58,-2.37,-0.11,1.33
2024-03-25,600572,4.52,4.5,4.59,4.49,258729,126253552.0,2.2,-0.88,-0.04,1.01
2024-03-26,600572,4.5,4.48,4.51,4.44,244635,117686392.0,1.56,-0.44,-0.02,0.95
2024-03-27,600572,4.46,4.42,4.51,4.42,231681,111499071.0,2.01,-1.34,-0.06,0.9
2024-03-28,600572,4.41,4.47,4.5,4.4,223399,107219276.0,2.26,1.13,0.05,0.87
2024-03-29,600572,4.48,4.49,4.49,4.44,187332,90059232.0,1.12,0.45,0.02,0.73
2024-04-01,600572,4.49,4.56,4.57,4.49,214713,104504384.0,1.78,1.56,0.07,0.84
2024-04-02,600572,4.56,4.54,4.57,4.52,169515,82685723.0,1.1,-0.44,-0.02,0.66
2024-04-03,600572,4.53,4.56,4.58,4.53,200299,97973724.0,1.1,0.44,0.02,0.78
2024-04-08,600572,4.55,4.49,4.58,4.49,280023,136562392.0,1.97,-1.54,-0.07,1.09
2024-04-09,600572,4.5,4.65,4.65,4.5,412278,203030026.0,3.34,3.56,0.16,1.61
2024-04-10,600572,4.65,4.57,4.67,4.55,321398,158690296.0,2.58,-1.72,-0.08,1.25
2024-04-11,600572,4.52,4.57,4.64,4.52,293947,143992188.0,2.63,0.0,0.0,1.15
2024-04-12,600572,4.57,4.6,4.66,4.54,278417,137506908.0,2.63,0.66,0.03,1.09
2024-04-15,600572,4.6,4.61,4.63,4.51,315467,155469614.0,2.61,0.22,0.01,1.23
2024-04-16,600572,4.6,4.61,4.68,4.57,525663,261316044.0,2.39,0.0,0.0,2.05
2024-04-17,600572,4.59,4.74,4.76,4.55,603941,303947396.0,4.56,2.82,0.13,2.36
2024-04-18,600572,4.72,4.68,4.82,4.66,520147,264548282.0,3.38,-1.27,-0.06,2.03
2024-04-19,600572,4.66,4.7,4.72,4.59,353746,177265884.0,2.78,0.43,0.02,1.38
2024-04-22,600572,4.65,4.56,4.67,4.5,565078,277624813.0,3.62,-2.98,-0.14,2.2
2024-04-23,600572,4.54,4.59,4.63,4.53,260541,128263536.0,2.19,0.66,0.03,1.02
2024-04-24,600572,4.6,4.56,4.6,4.51,277196,135333180.0,1.96,-0.65,-0.03,1.08
2024-04-25,600572,4.54,4.54,4.59,4.52,249864,122168916.0,1.54,-0.44,-0.02,0.97
2024-04-26,600572,4.52,4.57,4.58,4.5,373515,182678664.0,1.76,0.66,0.03,1.46
2024-04-29,600572,4.54,4.58,4.61,4.52,418533,205667779.0,1.97,0.22,0.01,1.63
2024-04-30,600572,4.58,4.6,4.65,4.56,335766,166053210.0,1.97,0.44,0.02,1.31
2024-05-06,600572,4.64,4.73,4.74,4.62,585464,295001634.0,2.61,2.83,0.13,2.28
2024-05-07,600572,4.72,4.73,4.75,4.69,333003,168704795.0,1.27,0.0,0.0,1.3
2024-05-08,600572,4.71,4.74,4.78,4.69,418045,212291764.0,1.9,0.21,0.01,1.63
2024-05-09,600572,4.72,4.84,4.85,4.7,531175,273674269.0,3.16,2.11,0.1,2.07
2024-05-10,600572,4.84,4.79,4.85,4.79,326931,168503888.0,1.24,-1.03,-0.05,1.28
2024-05-13,600572,4.75,4.84,4.91,4.74,446829,231566937.0,3.55,1.04,0.05,1.74
2024-05-14,600572,4.84,5.14,5.2,4.84,1194332,647909263.0,7.44,6.2,0.3,4.66
2024-05-15,600572,5.11,5.05,5.14,5.03,514288,279031581.0,2.14,-1.75,-0.09,2.01
2024-05-16,600572,5.03,4.99,5.11,4.98,369505,198185271.0,2.57,-1.19,-0.06,1.44
2024-05-17,600572,4.99,4.95,5.03,4.89,366085,193220670.0,2.81,-0.8,-0.04,1.43
2024-05-20,600572,4.95,4.98,5.01,4.93,291995,155162603.0,1.62,0.61,0.03,1.14
2024-05-21,600572,4.96,4.94,5.0,4.92,207131,109633271.0,1.61,-0.8,-0.04,0.81
2024-05-22,600572,4.92,4.87,4.96,4.83,333643,173627164.0,2.63,-1.42,-0.07,1.3
2024-05-23,600572,4.84,4.77,4.86,4.75,284317,146172977.0,2.26,-2.05,-0.1,1.11
2024-05-24,600572,4.77,4.88,4.94,4.76,364331,189990832.0,3.77,2.31,0.11,1.42
2024-05-27,600572,4.94,4.95,4.97,4.84,286357,150471798.0,2.66,1.43,0.07,1.12
2024-05-28,600572,4.95,4.88,4.95,4.86,169228,88609030.0,1.82,-1.41,-0.07,0.66
2024-05-29,600572,4.88,4.89,4.91,4.8,271597,141054974.0,2.25,0.2,0.01,1.06
2024-05-30,600572,4.89,4.85,4.9,4.82,250566,130315558.0,1.64,-0.82,-0.04,0.98
2024-05-31,600572,4.91,4.86,4.95,4.79,276961,138453721.0,3.3,0.21,0.01,1.08
2024-06-03,600572,4.84,5.06,5.13,4.83,724416,375506247.0,6.17,4.12,0.2,2.83
2024-06-04,600572,5.07,5.23,5.24,5.04,622423,331475359.0,3.95,3.36,0.17,2.43
2024-06-05,600572,5.21,5.15,5.29,5.14,443300,237989457.0,2.87,-1.53,-0.08,1.73
2024-06-06,600572,5.15,5.21,5.32,5.13,476231,256277807.0,3.69,1.17,0.06,1.86
2024-06-07,600572,5.22,5.28,5.39,5.22,449522,245324799.0,3.26,1.34,0.07,1.75
2024-06-11,600572,5.26,5.28,5.34,5.23,361529,196389965.0,2.08,0.0,0.0,1.41
2024-06-12,600572,5.24,5.22,5.32,5.16,344447,185365829.0,3.03,-1.14,-0.06,1.34
2024-06-13,600572,5.23,5.05,5.23,5.0,397002,207851001.0,4.41,-3.26,-0.17,1.55
2024-06-14,600572,5.05,5.01,5.07,4.99,291050,150377862.0,1.58,-0.79,-0.04,1.14
2024-06-17,600572,4.97,4.97,5.11,4.96,280256,144427029.0,2.99,-0.8,-0.04,1.09
2024-06-18,600572,4.99,5.04,5.14,4.94,352906,183822845.0,4.02,1.41,0.07,1.38
2024-06-19,600572,5.06,4.94,5.08,4.93,278036,142563011.0,2.98,-1.98,-0.1,1.08
2024-06-20,600572,4.95,4.73,4.99,4.71,553256,273736238.0,5.67,-4.25,-0.21,2.16
2024-06-21,600572,4.73,4.71,4.86,4.68,301041,147428948.0,3.81,-0.42,-0.02,1.17
2024-06-24,600572,4.71,4.51,4.71,4.5,393194,185367381.0,4.46,-4.25,-0.2,1.53
2024-06-25,600572,4.52,4.47,4.54,4.44,264998,122648329.0,2.22,-0.89,-0.04,1.03
2024-06-26,600572,4.46,4.46,4.48,4.36,435937,199684814.0,2.68,-0.22,-0.01,1.7
2024-06-27,600572,4.47,4.3,4.47,4.29,489417,219378263.0,4.04,-3.59,-0.16,1.91
2024-06-28,600572,4.31,4.32,4.36,4.29,345924,154857930.0,1.63,0.47,0.02,1.35
2024-07-01,600572,4.3,4.44,4.45,4.3,399074,181174871.0,3.47,2.78,0.12,1.56
2024-07-02,600572,4.42,4.38,4.46,4.36,292075,132740060.0,2.25,-1.35,-0.06,1.14
2024-07-03,600572,4.37,4.32,4.39,4.31,189009,84919833.0,1.83,-1.37,-0.06,0.74
2024-07-04,600572,4.33,4.24,4.34,4.19,300813,132480216.0,3.47,-1.85,-0.08,1.17
2024-07-05,600572,4.21,4.34,4.35,4.2,297880,131913398.0,3.54,2.36,0.1,1.16
2024-07-08,600572,4.33,4.24,4.34,4.22,234899,103584956.0,2.76,-2.3,-0.1,0.92
2024-07-09,600572,4.23,4.31,4.33,4.21,254105,112376304.0,2.83,1.65,0.07,0.99
2024-07-10,600572,4.3,4.28,4.37,4.26,197248,87806441.0,2.55,-0.7,-0.03,0.77
2024-07-11,600572,4.35,4.37,4.39,4.31,257131,115897383.0,1.87,2.1,0.09,1.0
2024-07-12,600572,4.36,4.32,4.38,4.3,224112,100410407.0,1.83,-1.14,-0.05,0.87
2024-07-15,600572,4.3,4.11,4.3,4.1,700633,301736546.0,4.63,-4.86,-0.21,2.73
2024-07-16,600572,4.11,4.0,4.12,3.98,661445,275680990.0,3.41,-2.68,-0.11,2.58
2024-07-17,600572,3.99,4.05,4.07,3.95,340245,141843067.0,3.0,1.25,0.05,1.33
2024-07-18,600572,4.03,4.13,4.14,4.01,360096,152726592.0,3.21,1.98,0.08,1.4
2024-07-19,600572,4.12,4.1,4.15,4.08,237798,101197026.0,1.69,-0.73,-0.03,0.93
2024-07-22,600572,4.1,4.13,4.16,4.06,215721,92003756.0,2.44,0.73,0.03,0.84
2024-07-23,600572,4.13,4.0,4.15,4.0,322154,135648445.0,3.63,-3.15,-0.13,1.26
2024-07-24,600572,3.99,3.97,4.04,3.95,222327,91902096.0,2.25,-0.75,-0.03,0.87
2024-07-25,600572,3.96,4.01,4.03,3.94,162094,67192722.0,2.27,1.01,0.04,0.63
2024-07-26,600572,4.03,4.03,4.06,4.0,191879,80093946.0,1.5,0.5,0.02,0.75
2024-07-29,600572,4.02,3.97,4.03,3.95,260717,107455330.0,1.99,-1.49,-0.06,1.02
2024-07-30,600572,3.97,3.98,4.0,3.94,179955,74178790.0,1.51,0.25,0.01,0.7
2024-07-31,600572,3.99,4.16,4.17,3.98,425548,181150368.0,4.77,4.52,0.18,1.66
2024-08-01,600572,4.16,4.17,4.23,4.13,272726,118112845.0,2.4,0.24,0.01,1.06
2024-08-02,600572,4.15,4.19,4.25,4.13,331585,144758353.0,2.88,0.48,0.02,1.29
2024-08-05,600572,4.17,4.17,4.29,4.15,353092,154413905.0,3.34,-0.48,-0.02,1.38
2024-08-06,600572,4.2,4.24,4.25,4.17,266949,116773896.0,1.92,1.68,0.07,1.04
2024-08-07,600572,4.24,4.23,4.26,4.21,213752,93686671.0,1.18,-0.24,-0.01,0.83
2024-08-08,600572,4.21,4.3,4.33,4.21,256741,114025677.0,2.84,1.65,0.07,1.0
2024-08-09,600572,4.3,4.25,4.36,4.24,232527,103182415.0,2.79,-1.16,-0.05,0.91
2024-08-12,600572,4.25,4.32,4.38,4.23,338891,151632255.0,3.53,1.65,0.07,1.32
2024-08-13,600572,4.3,4.32,4.32,4.28,225049,100149322.0,0.93,0.0,0.0,0.88
2024-08-14,600572,4.32,4.21,4.33,4.2,279287,122513403.0,3.01,-2.55,-0.11,1.09
2024-08-15,600572,4.22,4.22,4.27,4.18,215811,94394790.0,2.14,0.24,0.01,0.84
2024-08-16,600572,4.23,4.22,4.24,4.16,207375,90381643.0,1.9,0.0,0.0,0.81
2024-08-19,600572,4.21,4.19,4.26,4.18,205547,89639267.0,1.9,-0.71,-0.03,0.8
2024-08-20,600572,4.19,4.13,4.2,4.09,210626,90266426.0,2.63,-1.43,-0.06,0.82
2024-08-21,600572,4.11,4.07,4.15,4.06,144593,61258936.0,2.18,-1.45,-0.06,0.56
2024-08-22,600572,4.06,4.03,4.12,4.02,160763,67618044.0,2.46,-0.98,-0.04,0.63
2024-08-23,600572,4.03,4.03,4.1,4.0,182205,76305806.0,2.48,0.0,0.0,0.71
2024-08-26,600572,4.0,3.97,4.01,3.92,270400,111164278.0,2.23,-1.49,-0.06,1.05
2024-08-27,600572,3.96,3.94,4.0,3.93,209237,85915575.0,1.76,-0.76,-0.03,0.82
2024-08-28,600572,3.95,3.96,4.0,3.91,212427,87306191.0,2.28,0.51,0.02,0.83
2024-08-29,600572,3.95,4.03,4.05,3.94,218245,90983188.0,2.78,1.77,0.07,0.85
2024-08-30,600572,4.03,4.06,4.13,3.99,266696,112582693.0,3.47,0.74,0.03,1.04
2024-09-02,600572,4.06,3.97,4.09,3.96,213100,88781348.0,3.2,-2.22,-0.09,0.83
2024-09-03,600572,3.96,3.98,4.04,3.94,206910,85614722.0,2.52,0.25,0.01,0.81
2024-09-04,600572,3.98,3.99,4.03,3.95,160613,66565584.0,2.01,0.25,0.01,0.63
2024-09-05,600572,3.99,4.02,4.03,3.99,135406,56316987.0,1.0,0.75,0.03,0.53
2024-09-06,600572,4.05,3.96,4.05,3.95,175610,72534802.0,2.49,-1.49,-0.06,0.69
2024-09-09,600572,3.96,3.94,3.99,3.92,150909,61807734.0,1.77,-0.51,-0.02,0.59
2024-09-10,600572,3.95,3.89,3.96,3.81,323678,129994236.0,3.81,-1.27,-0.05,1.26
2024-09-11,600572,3.86,3.86,3.89,3.83,144640,57956998.0,1.54,-0.77,-0.03,0.56
2024-09-12,600572,3.86,3.86,3.91,3.85,143947,57909125.0,1.55,0.0,0.0,0.56
2024-09-13,600572,3.86,3.83,3.88,3.83,149235,59699618.0,1.3,-0.78,-0.03,0.58
2024-09-18,600572,3.84,3.82,3.84,3.76,157728,62306146.0,2.09,-0.26,-0.01,0.62
2024-09-19,600572,3.84,3.9,3.94,3.81,211018,85086744.0,3.4,2.09,0.08,0.82
2024-09-20,600572,3.89,3.89,3.91,3.85,152168,61319594.0,1.54,-0.26,-0.01,0.59
2024-09-23,600572,3.88,3.9,3.94,3.88,123684,50205573.0,1.54,0.26,0.01,0.48
2024-09-24,600572,3.9,4.05,4.05,3.9,371641,153660472.0,3.85,3.85,0.15,1.45
2024-09-25,600572,4.08,4.1,4.21,4.07,422688,181469216.0,3.46,1.23,0.05,1.65
2024-09-26,600572,4.09,4.24,4.25,4.08,437660,189028342.0,4.15,3.41,0.14,1.71
2024-09-27,600572,4.31,4.42,4.44,4.3,404846,182837443.0,3.3,4.25,0.18,1.58
2024-09-30,600572,4.57,4.77,4.83,4.52,937515,453623154.0,7.01,7.92,0.35,3.66
2024-10-08,600572,5.24,4.96,5.26,4.81,1146047,593217854.0,9.43,3.98,0.19,4.47
2024-10-09,600572,4.86,4.55,4.88,4.52,828433,402308809.0,7.26,-8.27,-0.41,3.23
2024-10-10,600572,4.56,4.58,4.73,4.53,571251,272831192.0,4.4,0.66,0.03,2.23
2024-10-11,600572,4.58,4.4,4.59,4.36,425012,195969577.0,5.02,-3.93,-0.18,1.66
2024-10-14,600572,4.4,4.43,4.44,4.28,439556,199112276.0,3.64,0.68,0.03,1.71
2024-10-15,600572,4.42,4.34,4.46,4.34,345073,157021581.0,2.71,-2.03,-0.09,1.35
2024-10-16,600572,4.31,4.34,4.39,4.29,315930,141758178.0,2.3,0.0,0.0,1.23
2024-10-17,600572,4.35,4.31,4.39,4.3,352521,158481755.0,2.07,-0.69,-0.03,1.38
2024-10-18,600572,4.34,4.43,4.5,4.3,611758,278907003.0,4.64,2.78,0.12,2.39
2024-10-21,600572,4.44,4.42,4.47,4.36,492587,224835812.0,2.48,-0.23,-0.01,1.92
2024-10-22,600572,4.43,4.48,4.52,4.42,441104,203773572.0,2.26,1.36,0.06,1.72
2024-10-23,600572,4.47,4.51,4.52,4.44,427914,198445075.0,1.79,0.67,0.03,1.67
2024-10-24,600572,4.49,4.49,4.55,4.46,322753,150214358.0,2.0,-0.44,-0.02,1.26
2024-10-25,600572,4.47,4.54,4.54,4.47,330866,154317445.0,1.56,1.11,0.05,1.29
2024-10-28,600572,4.55,4.67,4.67,4.51,456820,218079168.0,3.52,2.86,0.13,1.78
2024-10-29,600572,4.68,4.54,4.7,4.51,432636,204706624.0,4.07,-2.78,-0.13,1.69
2024-10-30,600572,4.51,4.57,4.69,4.51,421226,199564337.0,3.96,0.66,0.03,1.64
2024-10-31,600572,4.58,4.6,4.65,4.53,395200,187510649.0,2.63,0.66,0.03,1.54
2024-11-01,600572,4.59,4.59,4.63,4.53,409387,193971437.0,2.17,-0.22,-0.01,1.6
2024-11-04,600572,4.61,4.68,4.68,4.59,372654,178561180.0,1.96,1.96,0.09,1.45
2024-11-05,600572,4.68,4.71,4.72,4.63,490006,236779202.0,1.92,0.64,0.03,1.91
2024-11-06,600572,4.71,4.65,4.72,4.64,589857,284384805.0,1.7,-1.27,-0.06,2.3
2024-11-07,600572,4.63,4.81,4.82,4.61,695991,341590126.0,4.52,3.44,0.16,2.72
2024-11-08,600572,4.83,4.75,4.89,4.72,566306,279340525.0,3.53,-1.25,-0.06,2.21
2024-11-11,600572,4.77,4.75,4.78,4.67,402748,196044225.0,2.32,0.0,0.0,1.57
2024-11-12,600572,4.74,4.79,4.88,4.74,705832,350850609.0,2.95,0.84,0.04,2.75
2024-11-13,600572,4.76,4.75,4.81,4.68,452882,221030795.0,2.71,-0.84,-0.04,1.77
2024-11-14,600572,4.73,4.63,4.73,4.61,378245,182086293.0,2.53,-2.53,-0.12,1.48
2024-11-15,600572,4.61,4.54,4.65,4.53,351751,167009364.0,2.59,-1.94,-0.09,1.37
2024-11-18,600572,4.56,4.53,4.61,4.51,363060,170964903.0,2.2,-0.22,-0.01,1.42
2024-11-19,600572,4.53,4.58,4.58,4.49,287126,134569103.0,1.99,1.1,0.05,1.12
2024-11-20,600572,4.56,4.63,4.63,4.55,343193,162757915.0,1.75,1.09,0.05,1.34
2024-11-21,600572,4.62,4.62,4.65,4.57,247041,117533805.0,1.73,-0.22,-0.01,0.96
2024-11-22,600572,4.62,4.44,4.64,4.43,382212,178888174.0,4.55,-3.9,-0.18,1.49
2024-11-25,600572,4.45,4.46,4.51,4.41,274660,126547797.0,2.25,0.45,0.02,1.07
2024-11-26,600572,4.45,4.47,4.54,4.45,230562,107226753.0,2.02,0.22,0.01,0.9
2024-11-27,600572,4.5,4.55,4.55,4.41,301170,139302195.0,3.13,1.79,0.08,1.17
2024-11-28,600572,4.55,4.56,4.59,4.52,265700,125327714.0,1.54,0.22,0.01,1.04
2024-11-29,600572,4.57,4.6,4.62,4.53,300652,142426278.0,1.97,0.88,0.04,1.17
2024-12-02,600572,4.6,4.67,4.68,4.59,392775,188417855.0,1.96,1.52,0.07,1.53
2024-12-03,600572,4.65,4.67,4.68,4.61,333262,159823240.0,1.5,0.0,0.0,1.3
2024-12-04,600572,4.66,4.59,4.67,4.57,322699,153853802.0,2.14,-1.71,-0.08,1.26
2024-12-05,600572,4.59,4.59,4.6,4.55,236818,111919702.0,1.09,0.0,0.0,0.92
2024-12-06,600572,4.6,4.69,4.69,4.59,500787,240450253.0,2.18,2.18,0.1,1.95
2024-12-09,600572,4.73,4.7,4.8,4.67,503911,245407651.0,2.77,0.21,0.01,1.97
2024-12-10,600572,4.8,4.68,4.83,4.66,473214,230969905.0,3.62,-0.43,-0.02,1.85
2024-12-11,600572,4.66,4.72,4.73,4.65,361896,176067555.0,1.71,0.85,0.04,1.41
2024-12-12,600572,4.73,4.79,4.82,4.69,551164,271374524.0,2.75,1.48,0.07,2.15
2024-12-13,600572,4.76,4.66,4.79,4.64,511354,247875082.0,3.13,-2.71,-0.13,1.99
2024-12-16,600572,4.65,4.69,4.72,4.64,359615,174008783.0,1.72,0.64,0.03,1.4
2024-12-17,600572,4.68,4.63,4.68,4.58,325033,155418695.0,2.13,-1.28,-0.06,1.27
2024-12-18,600572,4.62,4.62,4.67,4.6,251384,120441755.0,1.51,-0.22,-0.01,0.98
2024-12-19,600572,4.58,4.63,4.63,4.51,289040,136348871.0,2.6,0.22,0.01,1.13
2024-12-20,600572,4.61,4.63,4.66,4.59,249676,119049935.0,1.51,0.0,0.0,0.97
2024-12-23,600572,4.62,4.53,4.63,4.52,357956,168788059.0,2.38,-2.16,-0.1,1.4
2024-12-24,600572,4.52,4.58,4.59,4.52,198314,93362017.0,1.55,1.1,0.05,0.77
2024-12-25,600572,4.6,4.57,4.61,4.52,214343,100787851.0,1.97,-0.22,-0.01,0.84
2024-12-26,600572,4.56,4.53,4.58,4.52,194054,91081765.0,1.31,-0.88,-0.04,0.76
2024-12-27,600572,4.54,4.61,4.63,4.51,300705,142397771.0,2.65,1.77,0.08,1.17
2024-12-30,600572,4.6,4.58,4.62,4.55,192303,90982302.0,1.52,-0.65,-0.03,0.75
2024-12-31,600572,4.58,4.51,4.6,4.5,353991,165984357.0,2.18,-1.53,-0.07,1.37
2025-01-02,600572,4.51,4.4,4.54,4.37,306102,141335173.0,3.77,-2.44,-0.11,1.19
2025-01-03,600572,4.4,4.36,4.48,4.34,304287,138916154.0,3.18,-0.91,-0.04,1.18
2025-01-06,600572,4.37,4.48,4.52,4.37,415569,191367866.0,3.44,2.75,0.12,1.61
2025-01-07,600572,4.49,4.41,4.49,4.34,378943,172070222.0,3.35,-1.56,-0.07,1.47
2025-01-08,600572,4.4,4.35,4.43,4.3,312065,140900915.0,2.95,-1.36,-0.06,1.21
2025-01-09,600572,4.35,4.29,4.35,4.28,241075,107285053.0,1.61,-1.38,-0.06,0.94
2025-01-10,600572,4.3,4.21,4.3,4.2,230756,101459201.0,2.33,-1.86,-0.08,0.9
2025-01-13,600572,4.19,4.18,4.21,4.15,188007,81362906.0,1.43,-0.71,-0.03,0.73
2025-01-14,600572,4.18,4.28,4.28,4.18,284404,124560518.0,2.39,2.39,0.1,1.1
2025-01-15,600572,4.25,4.23,4.27,4.21,198007,86705263.0,1.4,-1.17,-0.05,0.77
2025-01-16,600572,4.24,4.23,4.3,4.21,240155,105683548.0,2.13,0.0,0.0,0.93
2025-01-17,600572,4.23,4.27,4.3,4.2,233805,103098498.0,2.36,0.95,0.04,0.91
2025-01-20,600572,4.29,4.28,4.34,4.27,194502,86550358.0,1.64,0.23,0.01,0.75
2025-01-21,600572,4.3,4.26,4.32,4.24,133494,58927094.0,1.87,-0.47,-0.02,0.52
2025-01-22,600572,4.25,4.26,4.28,4.22,147998,65063773.0,1.41,0.0,0.0,0.57
2025-01-23,600572,4.28,4.27,4.33,4.27,195810,87136038.0,1.41,0.23,0.01,0.76
2025-01-24,600572,4.27,4.34,4.34,4.24,246655,109809566.0,2.34,1.64,0.07,0.96
2025-01-27,600572,4.34,4.39,4.45,4.34,235776,107425937.0,2.53,1.15,0.05,0.92
2025-02-05,600572,4.41,4.36,4.43,4.33,187091,84709614.0,2.28,-0.68,-0.03,0.73
2025-02-06,600572,4.35,4.36,4.37,4.32,219491,98560113.0,1.15,0.0,0.0,0.85
2025-02-07,600572,4.36,4.39,4.41,4.33,275620,124884287.0,1.83,0.69,0.03,1.07
2025-02-10,600572,4.39,4.41,4.43,4.39,239670,109266887.0,0.91,0.46,0.02,0.93
2025-02-11,600572,4.4,4.39,4.41,4.34,198806,89797558.0,1.59,-0.45,-0.02,0.77
2025-02-12,600572,4.37,4.37,4.39,4.33,190442,85886454.0,1.37,-0.46,-0.02,0.74
2025-02-13,600572,4.36,4.35,4.39,4.34,193500,87302260.0,1.14,-0.46,-0.02,0.75
2025-02-14,600572,4.35,4.4,4.4,4.34,261815,118691512.0,1.38,1.15,0.05,1.02
2025-02-17,600572,4.4,4.42,4.45,4.38,328480,150194317.0,1.59,0.45,0.02,1.28
2025-02-18,600572,4.41,4.33,4.42,4.29,335237,150798722.0,2.94,-2.04,-0.09,1.3
2025-02-19,600572,4.32,4.29,4.32,4.27,282784,125471325.0,1.15,-0.92,-0.04,1.1
2025-02-20,600572,4.28,4.3,4.33,4.27,237319,105557487.0,1.4,0.23,0.01,0.92
2025-02-21,600572,4.3,4.29,4.32,4.25,265102,117306863.0,1.63,-0.23,-0.01,1.03
2025-02-24,600572,4.28,4.29,4.31,4.26,249737,110909229.0,1.17,0.0,0.0,0.97
2025-02-25,600572,4.28,4.24,4.28,4.23,261854,115156676.0,1.17,-1.17,-0.05,1.02
2025-02-26,600572,4.24,4.28,4.29,4.23,206398,91043472.0,1.42,0.94,0.04,0.8
2025-02-27,600572,4.28,4.3,4.31,4.25,281142,124607991.0,1.4,0.47,0.02,1.09
2025-02-28,600572,4.29,4.25,4.31,4.23,268126,118371945.0,1.86,-1.16,-0.05,1.04
2025-03-03,600572,4.25,4.24,4.3,4.23,247626,109310863.0,1.65,-0.24,-0.01,0.96
2025-03-04,600572,4.24,4.25,4.26,4.22,141442,62130218.0,0.94,0.24,0.01,0.55
2025-03-05,600572,4.25,4.23,4.25,4.21,182201,79686668.0,0.94,-0.47,-0.02,0.71
2025-03-06,600572,4.24,4.25,4.25,4.22,223606,98122863.0,0.71,0.47,0.02,0.87
2025-03-07,600572,4.24,4.22,4.25,4.21,209744,91861772.0,0.94,-0.71,-0.03,0.81
2025-03-10,600572,4.23,4.25,4.27,4.22,223914,98368977.0,1.18,0.71,0.03,0.87
2025-03-11,600572,4.23,4.27,4.27,4.21,199440,87588943.0,1.41,0.47,0.02,0.77
2025-03-12,600572,4.27,4.26,4.29,4.25,165031,72874236.0,0.94,-0.23,-0.01,0.64
2025-03-13,600572,4.26,4.26,4.27,4.23,168442,74087379.0,0.94,0.0,0.0,0.65
2025-03-14,600572,4.25,4.32,4.33,4.24,348689,154853019.0,2.11,1.41,0.06,1.35
2025-03-17,600572,4.33,4.32,4.36,4.32,267053,119812008.0,0.93,0.0,0.0,1.04
2025-03-18,600572,4.33,4.32,4.35,4.3,180841,80825317.0,1.16,0.0,0.0,0.7
2025-03-19,600572,4.32,4.31,4.33,4.3,142037,63416606.0,0.69,-0.23,-0.01,0.55
2025-03-20,600572,4.31,4.32,4.34,4.3,193770,86633484.0,0.93,0.23,0.01,0.75
2025-03-21,600572,4.4,4.34,4.44,4.31,462787,209213018.0,3.01,0.46,0.02,1.8
2025-03-24,600572,4.32,4.4,4.4,4.32,400749,180864312.0,1.84,1.38,0.06,1.56
2025-03-25,600572,4.4,4.42,4.44,4.36,300411,137068527.0,1.82,0.45,0.02,1.17
2025-03-26,600572,4.41,4.42,4.44,4.39,221897,101417861.0,1.13,0.0,0.0,0.86
2025-03-27,600572,4.41,4.4,4.42,4.37,217715,99010365.0,1.13,-0.45,-0.02,0.85
2025-03-28,600572,4.41,4.43,4.48,4.4,337546,155004620.0,1.82,0.68,0.03,1.31
2025-03-31,600572,4.41,4.33,4.45,4.3,316871,143285960.0,3.39,-2.26,-0.1,1.23
2025-04-01,600572,4.33,4.45,4.49,4.32,417212,191494635.0,3.93,2.77,0.12,1.62
2025-04-02,600572,4.48,4.44,4.49,4.42,198046,91046904.0,1.57,-0.22,-0.01,0.77
2025-04-03,600572,4.41,4.45,4.48,4.4,210327,96650438.0,1.8,0.23,0.01,0.82
2025-04-07,600572,4.37,4.06,4.38,4.01,614459,266775759.0,8.31,-8.76,-0.39,2.38
2025-04-08,600572,4.07,4.22,4.25,4.07,455348,197322113.0,4.43,3.94,0.16,1.77
2025-04-09,600572,4.16,4.22,4.25,4.04,395530,169698120.0,4.98,0.0,0.0,1.53
2025-04-10,600572,4.25,4.23,4.28,4.21,304946,134093918.0,1.66,0.24,0.01,1.18
2025-04-11,600572,4.21,4.22,4.26,4.2,207411,90778675.0,1.42,-0.24,-0.01,0.8
2025-04-14,600572,4.25,4.26,4.28,4.22,236504,104259630.0,1.42,0.95,0.04,0.92
2025-04-15,600572,4.25,4.26,4.29,4.23,152837,67302100.0,1.41,0.0,0.0,0.59
2025-04-16,600572,4.25,4.24,4.26,4.2,162294,71103664.0,1.41,-0.47,-0.02,0.63
2025-04-17,600572,4.22,4.23,4.25,4.21,123011,53973566.0,0.94,-0.24,-0.01,0.48
2025-04-18,600572,4.24,4.22,4.27,4.2,155368,68023023.0,1.65,-0.24,-0.01,0.6
2025-04-21,600572,4.23,4.24,4.26,4.22,162500,71427931.0,0.95,0.47,0.02,0.63
2025-04-22,600572,4.23,4.3,4.31,4.22,241274,106704062.0,2.12,1.42,0.06,0.94
2025-04-23,600572,4.29,4.25,4.32,4.25,201750,89255965.0,1.63,-1.16,-0.05,0.78
2025-04-24,600572,4.27,4.3,4.31,4.24,185643,82407236.0,1.65,1.18,0.05,0.72
2025-04-25,600572,4.35,4.36,4.4,4.33,230414,103799408.0,1.63,1.4,0.06,0.89
2025-04-28,600572,4.36,4.41,4.43,4.34,258794,117586312.0,2.06,1.15,0.05,1.0
2025-04-29,600572,4.35,4.3,4.37,4.27,286742,127954179.0,2.27,-2.49,-0.11,1.11
2025-04-30,600572,4.31,4.24,4.32,4.23,299357,132194014.0,2.09,-1.4,-0.06,1.16
2025-05-06,600572,4.24,4.26,4.26,4.23,236661,104092252.0,0.71,0.47,0.02,0.92
2025-05-07,600572,4.27,4.27,4.3,4.25,288237,127350787.0,1.17,0.23,0.01,1.12
2025-05-08,600572,4.27,4.25,4.27,4.24,234198,103184216.0,0.7,-0.47,-0.02,0.91
2025-05-09,600572,4.25,4.25,4.27,4.24,209261,92084603.0,0.71,0.0,0.0,0.81
2025-05-12,600572,4.25,4.26,4.26,4.22,196811,86398158.0,0.94,0.24,0.01,0.76
2025-05-13,600572,4.26,4.25,4.28,4.24,243349,107265852.0,0.94,-0.23,-0.01,0.94
2025-05-14,600572,4.25,4.25,4.27,4.22,235665,103499337.0,1.18,0.0,0.0,0.91
2025-05-15,600572,4.26,4.26,4.29,4.25,316110,139817235.0,0.94,0.24,0.01,1.23
2025-05-16,600572,4.26,4.3,4.3,4.25,327479,145068755.0,1.17,0.94,0.04,1.27
2025-05-19,600572,4.29,4.28,4.31,4.26,183108,80990868.0,1.16,-0.47,-0.02,0.71
2025-05-20,600572,4.28,4.3,4.35,4.28,234740,104633464.0,1.64,0.47,0.02,0.91
2025-05-21,600572,4.3,4.31,4.34,4.29,209444,93589731.0,1.16,0.23,0.01,0.81
2025-05-22,600572,4.3,4.27,4.31,4.25,206614,91440116.0,1.39,-0.93,-0.04,0.8
2025-05-23,600572,4.27,4.3,4.36,4.26,372830,166759811.0,2.34,0.7,0.03,1.45
2025-05-26,600572,4.31,4.26,4.32,4.24,316950,140025918.0,1.86,-0.93,-0.04,1.23
2025-05-27,600572,4.26,4.32,4.32,4.24,298659,132666198.0,1.88,1.41,0.06,1.16
2025-05-28,600572,4.31,4.29,4.32,4.27,162322,72090230.0,1.16,-0.69,-0.03,0.63
2025-05-29,600572,4.29,4.34,4.34,4.28,256717,114719265.0,1.4,1.17,0.05,1.0
2025-05-30,600572,4.32,4.4,4.41,4.32,388654,176116898.0,2.07,1.38,0.06,1.51
2025-06-03,600572,4.37,4.45,4.46,4.37,396439,181265861.0,2.05,1.14,0.05,1.54
2025-06-04,600572,4.46,4.44,4.48,4.41,264106,121027717.0,1.57,-0.22,-0.01,1.02
2025-06-05,600572,4.43,4.35,4.46,4.33,315654,142803481.0,2.93,-2.03,-0.09,1.22
2025-06-06,600572,4.36,4.36,4.38,4.33,205902,92723235.0,1.15,0.23,0.01,0.8
2025-06-09,600572,4.36,4.44,4.46,4.36,368088,168583649.0,2.29,1.83,0.08,1.43
2025-06-10,600572,4.43,4.5,4.53,4.43,490292,227299725.0,2.25,1.35,0.06,1.9
2025-06-11,600572,4.53,4.51,4.57,4.49,361134,168839382.0,1.78,0.22,0.01,1.4
2025-06-12,600572,4.51,4.5,4.52,4.46,308463,143144920.0,1.33,-0.22,-0.01,1.2
2025-06-13,600572,4.51,4.45,4.53,4.42,329193,151946893.0,2.44,-1.11,-0.05,1.28
2025-06-16,600572,4.43,4.39,4.46,4.38,267498,121926614.0,1.8,-1.35,-0.06,1.04
2025-06-17,600572,4.41,4.39,4.46,4.37,268089,122148167.0,2.05,0.0,0.0,1.04
2025-06-18,600572,4.38,4.31,4.39,4.3,331540,148375415.0,2.05,-1.82,-0.08,1.29
2025-06-19,600572,4.33,4.29,4.35,4.27,261707,116570491.0,1.86,-0.46,-0.02,1.02
2025-06-20,600572,4.29,4.29,4.3,4.27,167648,74397031.0,0.7,0.0,0.0,0.65
2025-06-23,600572,4.28,4.3,4.31,4.25,216681,95991446.0,1.4,0.23,0.01,0.84
2025-06-24,600572,4.31,4.34,4.34,4.3,257138,114957762.0,0.93,0.93,0.04,1.0
2025-06-25,600572,4.36,4.39,4.39,4.33,271683,118227176.0,1.38,1.15,0.05,1.05
2025-06-26,600572,4.38,4.38,4.39,4.36,216830,94914320.0,0.68,-0.23,-0.01,0.84
2025-06-27,600572,4.39,4.38,4.43,4.38,196010,86339240.0,1.14,0.0,0.0,0.76
2025-06-30,600572,4.39,4.38,4.4,4.36,186017,81437382.0,0.91,0.0,0.0,0.72
2025-07-01,600572,4.38,4.44,4.45,4.36,255939,113097536.0,2.05,1.37,0.06,0.99
2025-07-02,600572,4.44,4.44,4.45,4.41,183539,81295020.0,0.9,0.0,0.0,0.71
2025-07-03,600572,4.44,4.46,4.48,4.42,267812,119460476.0,1.35,0.45,0.02,1.04
2025-07-04,600572,4.46,4.47,4.49,4.45,238613,106740578.0,0.9,0.22,0.01,0.93
2025-07-07,600572,4.48,4.45,4.49,4.44,176967,78832180.0,1.12,-0.45,-0.02,0.69
2025-07-08,600572,4.44,4.46,4.49,4.43,235190,104903529.0,1.35,0.22,0.01,0.91
2025-07-09,600572,4.46,4.46,4.48,4.44,200956,89736947.0,0.9,0.0,0.0,0.8
2025-07-10,600572,4.46,4.51,4.52,4.45,249019,112024808.0,1.57,1.12,0.05,0.99
2025-07-11,600572,4.51,4.53,4.55,4.5,289288,131100818.0,1.11,0.44,0.02,1.15
2025-07-14,600572,4.53,4.54,4.56,4.52,204829,93013486.0,0.88,0.22,0.01,0.81
2025-07-15,600572,4.54,4.5,4.55,4.47,249309,112190755.0,1.76,-0.88,-0.04,0.99
2025-07-16,600572,4.5,4.57,4.57,4.49,293866,133597099.0,1.78,1.56,0.07,1.17
2025-07-17,600572,4.57,4.56,4.59,4.54,215409,98343493.0,1.09,-0.22,-0.01,0.86
2025-07-18,600572,4.57,4.57,4.59,4.51,252833,114744105.0,1.75,0.22,0.01,1.01
2025-07-21,600572,4.56,4.59,4.61,4.55,326800,149774344.0,1.31,0.44,0.02,1.3
2025-07-22,600572,4.58,4.6,4.61,4.56,243311,111630097.0,1.09,0.22,0.01,0.97
2025-07-23,600572,4.6,4.59,4.62,4.57,303533,139549149.0,1.09,-0.22,-0.01,1.21
2025-07-24,600572,4.6,4.63,4.64,4.59,314042,144995737.0,1.09,0.87,0.04,1.25
2025-07-25,600572,4.64,4.6,4.68,4.59,315977,146438854.0,1.94,-0.65,-0.03,1.26
2025-07-28,600572,4.6,4.59,4.67,4.59,296784,136952756.0,1.74,-0.22,-0.01,1.18
2025-07-29,600572,4.61,4.65,4.66,4.58,414172,191786990.0,1.74,1.31,0.06,1.65
2025-07-30,600572,4.65,4.7,4.77,4.62,615251,289163559.0,3.23,1.08,0.05,2.45
2025-07-31,600572,4.68,4.65,4.72,4.64,366985,171241322.0,1.7,-1.06,-0.05,1.46
2025-08-01,600572,4.65,4.69,4.76,4.64,376188,177129572.0,2.58,0.86,0.04,1.5
2025-08-04,600572,4.68,4.69,4.74,4.6,442643,205907763.0,2.99,0.0,0.0,1.76
2025-08-05,600572,4.69,4.69,4.72,4.65,303859,142387428.0,1.49,0.0,0.0,1.21
2025-08-06,600572,4.7,4.62,4.71,4.6,430764,199448634.0,2.35,-1.49,-0.07,1.71
2025-08-07,600572,4.62,4.57,4.64,4.56,302237,138631469.0,1.73,-1.08,-0.05,1.2
2025-08-08,600572,4.58,4.59,4.6,4.54,247948,113484410.0,1.31,0.44,0.02,0.99
2025-08-11,600572,4.6,4.62,4.62,4.57,242511,111526449.0,1.09,0.65,0.03,0.96
2025-08-12,600572,4.64,4.71,4.9,4.63,965940,461674540.0,5.84,1.95,0.09,3.84
2025-08-13,600572,4.69,4.67,4.71,4.62,622484,290161022.0,1.91,-0.85,-0.04,2.47
2025-08-14,600572,4.67,4.6,4.7,4.6,416460,193721157.0,2.14,-1.5,-0.07,1.65
2025-08-15,600572,4.6,4.64,4.65,4.58,314450,145201252.0,1.52,0.87,0.04,1.25
2025-08-18,600572,4.59,4.61,4.65,4.58,561250,259114477.0,1.51,-0.65,-0.03,2.23
2025-08-19,600572,4.61,4.63,4.69,4.61,480792,223814601.0,1.74,0.43,0.02,1.91
2025-08-20,600572,4.64,4.68,4.69,4.61,380110,176589350.0,1.73,1.08,0.05,1.51
2025-08-21,600572,4.66,4.68,4.71,4.65,369148,172466551.0,1.28,0.0,0.0,1.47
2025-08-22,600572,4.68,4.65,4.68,4.6,481114,222774536.0,1.71,-0.64,-0.03,1.91
2025-08-25,600572,4.66,4.67,4.69,4.63,472851,220695728.0,1.29,0.43,0.02,1.88
2025-08-26,600572,4.66,4.67,4.69,4.65,344527,160932307.0,0.86,0.0,0.0,1.37
2025-08-27,600572,4.66,4.55,4.68,4.55,593554,273383185.0,2.78,-2.57,-0.12,2.36
2025-08-28,600572,4.56,4.51,4.58,4.44,575041,259290928.0,3.08,-0.88,-0.04,2.28
2025-08-29,600572,4.51,4.53,4.56,4.5,371750,168520319.0,1.33,0.44,0.02,1.48
2025-09-01,600572,4.52,4.52,4.55,4.5,290913,131682881.0,1.1,-0.22,-0.01,1.16
2025-09-02,600572,4.52,4.51,4.54,4.47,296547,133549969.0,1.55,-0.22,-0.01,1.18
2025-09-03,600572,4.51,4.46,4.53,4.45,279272,125172205.0,1.77,-1.11,-0.05,1.11
2025-09-04,600572,4.46,4.47,4.5,4.42,384674,171746193.0,1.79,0.22,0.01,1.53
2025-09-05,600572,4.46,4.48,4.49,4.44,263040,117303308.0,1.12,0.22,0.01,1.04
2025-09-08,600572,4.47,4.51,4.52,4.47,290108,130380179.0,1.12,0.67,0.03,1.15
2025-09-09,600572,4.51,4.51,4.53,4.48,258230,116302385.0,1.11,0.0,0.0,1.03
2025-09-10,600572,4.51,4.5,4.52,4.49,169748,76450991.0,0.67,-0.22,-0.01,0.67
2025-09-11,600572,4.5,4.54,4.55,4.47,331838,149558550.0,1.78,0.89,0.04,1.32
2025-09-12,600572,4.53,4.51,4.55,4.5,246086,111271355.0,1.1,-0.66,-0.03,0.98
2025-09-15,600572,4.52,4.49,4.52,4.48,208035,93548429.0,0.89,-0.44,-0.02,0.83
2025-09-16,600572,4.5,4.51,4.52,4.48,220305,99074148.0,0.89,0.45,0.02,0.88
2025-09-17,600572,4.51,4.51,4.53,4.48,234211,105549282.0,1.11,0.0,0.0,0.93
2025-09-18,600572,4.51,4.47,4.52,4.45,368898,165593215.0,1.55,-0.89,-0.04,1.47
2025-09-19,600572,4.47,4.44,4.47,4.41,311983,138310955.0,1.34,-0.67,-0.03,1.24
2025-09-22,600572,4.44,4.39,4.46,4.38,228522,100630019.0,1.8,-1.13,-0.05,0.91
2025-09-23,600572,4.39,4.36,4.39,4.31,256046,111267746.0,1.82,-0.68,-0.03,1.02
2025-09-24,600572,4.36,4.4,4.4,4.35,160124,70110788.0,1.15,0.92,0.04,0.64
2025-09-25,600572,4.39,4.36,4.4,4.35,176852,77227259.0,1.14,-0.91,-0.04,0.7
2025-09-26,600572,4.36,4.35,4.37,4.31,199086,86408729.0,1.38,-0.23,-0.01,0.79
2025-09-29,600572,4.34,4.37,4.37,4.32,221043,95946238.0,1.15,0.46,0.02,0.88
2025-09-30,600572,4.36,4.35,4.37,4.34,147486,64168782.0,0.69,-0.46,-0.02,0.59
2025-10-09,600572,4.35,4.39,4.4,4.34,199650,87267602.0,1.38,0.92,0.04,0.79
2025-10-10,600572,4.39,4.42,4.44,4.37,253332,111879057.0,1.59,0.68,0.03,1.01
2025-10-13,600572,4.36,4.4,4.4,4.35,263178,115139873.0,1.13,-0.45,-0.02,1.05
2025-10-14,600572,4.41,4.42,4.44,4.4,273182,120691284.0,0.91,0.45,0.02,1.08
2025-10-15,600572,4.42,4.45,4.46,4.4,218804,97240501.0,1.36,0.68,0.03,0.87
2025-10-16,600572,4.45,4.48,4.49,4.44,293585,131092384.0,1.12,0.67,0.03,1.17
2025-10-17,600572,4.48,4.46,4.5,4.44,269345,120422662.0,1.34,-0.45,-0.02,1.07
2025-10-20,600572,4.48,4.45,4.48,4.42,178987,79577341.0,1.35,-0.22,-0.01,0.71
2025-10-21,600572,4.45,4.46,4.48,4.44,206266,92067452.0,0.9,0.22,0.01,0.82
2025-10-22,600572,4.46,4.51,4.52,4.46,277770,124946182.0,1.35,1.12,0.05,1.1
2025-10-23,600572,4.49,4.51,4.51,4.47,164382,73794630.0,0.89,0.0,0.0,0.65
2025-10-24,600572,4.51,4.47,4.52,4.46,183041,82004651.0,1.33,-0.89,-0.04,0.73
2025-10-27,600572,4.48,4.45,4.48,4.43,231816,103210838.0,1.12,-0.45,-0.02,0.92
2025-10-28,600572,4.45,4.45,4.48,4.44,198890,88676096.0,0.9,0.0,0.0,0.79
2025-10-29,600572,4.53,4.56,4.63,4.53,732395,334373193.0,2.25,2.47,0.11,2.91
2025-10-30,600572,4.55,4.56,4.6,4.52,500195,228653741.0,1.75,0.0,0.0,1.99
2025-10-31,600572,4.56,4.68,4.7,4.56,823192,381440639.0,3.07,2.63,0.12,3.27
2025-11-03,600572,4.7,4.74,4.76,4.67,608559,287177494.0,1.92,1.28,0.06,2.42
2025-11-04,600572,4.73,4.72,4.75,4.7,412724,195046605.0,1.05,-0.42,-0.02,1.64
2025-11-05,600572,4.69,4.77,4.79,4.68,500571,237608553.0,2.33,1.06,0.05,1.99
2025-11-06,600572,4.78,4.76,4.81,4.74,374349,178663840.0,1.47,-0.21,-0.01,1.49
2025-11-07,600572,4.75,4.76,4.78,4.73,330195,157181722.0,1.05,0.0,0.0,1.31
2025-11-10,600572,4.76,4.78,4.8,4.75,270081,129189094.0,1.05,0.42,0.02,1.07
2025-11-11,600572,4.78,4.8,4.82,4.75,354485,169957635.0,1.46,0.42,0.02,1.41
2025-11-12,600572,4.8,4.81,4.85,4.8,329410,159000185.0,1.04,0.21,0.01,1.31
2025-11-13,600572,4.83,4.81,4.83,4.76,317949,152320586.0,1.46,0.0,0.0,1.26
2025-11-14,600572,4.8,4.83,4.87,4.79,347257,168264697.0,1.66,0.42,0.02,1.38
2025-11-17,600572,4.83,4.73,4.83,4.71,350284,166120152.0,2.48,-2.07,-0.1,1.39
2025-11-18,600572,4.72,4.7,4.75,4.67,329270,154739429.0,1.69,-0.63,-0.03,1.31
2025-11-19,600572,4.71,4.64,4.71,4.63,269898,125675822.0,1.7,-1.28,-0.06,1.07
2025-11-20,600572,4.65,4.64,4.68,4.63,208722,97068824.0,1.08,0.0,0.0,0.83
2025-11-21,600572,4.65,4.56,4.71,4.55,449434,207351626.0,3.45,-1.72,-0.08,1.78
2025-11-24,600572,4.59,4.58,4.64,4.57,341542,157181326.0,1.54,0.44,0.02,1.36
2025-11-25,600572,4.6,4.64,4.68,4.58,339877,157842937.0,2.18,1.31,0.06,1.35
2025-11-26,600572,4.65,4.68,4.74,4.64,297979,139915625.0,2.16,0.86,0.04,1.18
2025-11-27,600572,4.68,4.65,4.69,4.62,218171,101435250.0,1.5,-0.64,-0.03,0.87
2025-11-28,600572,4.67,4.62,4.67,4.59,240890,111256867.0,1.72,-0.65,-0.03,0.96
2025-12-01,600572,4.63,4.66,4.67,4.62,295159,137219773.0,1.08,0.87,0.04,1.17
2025-12-02,600572,4.66,4.69,4.7,4.63,264744,123652673.0,1.5,0.64,0.03,1.05
2025-12-03,600572,4.69,4.74,4.75,4.67,332554,156918050.0,1.71,1.07,0.05,1.32
2025-12-04,600572,4.72,4.73,4.76,4.69,313926,148302381.0,1.48,-0.21,-0.01,1.25
2025-12-05,600572,4.74,4.72,4.74,4.67,249160,117050270.0,1.48,-0.21,-0.01,0.99
2025-12-08,600572,4.72,4.65,4.74,4.64,334633,156239260.0,2.12,-1.48,-0.07,1.33
2025-12-09,600572,4.66,4.62,4.66,4.6,222100,102677113.0,1.29,-0.65,-0.03,0.88
2025-12-10,600572,4.61,4.63,4.65,4.58,212183,97792705.0,1.52,0.22,0.01,0.84
2025-12-11,600572,4.63,4.62,4.67,4.61,252003,116818725.0,1.3,-0.22,-0.01,1.0
2025-12-12,600572,4.6,4.6,4.67,4.59,288067,133150307.0,1.73,-0.43,-0.02,1.14
2025-12-15,600572,4.58,4.63,4.67,4.57,246233,114106802.0,2.17,0.65,0.03,0.98
2025-12-16,600572,4.65,4.57,4.65,4.55,246872,113130987.0,2.16,-1.3,-0.06,0.98
2025-12-17,600572,4.56,4.59,4.61,4.53,225762,103239094.0,1.75,0.44,0.02,0.9
2025-12-18,600572,4.59,4.66,4.67,4.57,231434,107347744.0,2.18,1.53,0.07,0.92
2025-12-19,600572,4.66,4.66,4.69,4.63,234375,109266146.0,1.29,0.0,0.0,0.93
2025-12-22,600572,4.67,4.59,4.67,4.59,298606,138109151.0,1.72,-1.5,-0.07,1.18
2025-12-23,600572,4.59,4.55,4.61,4.52,306383,139617242.0,1.96,-0.87,-0.04,1.21
2025-12-24,600572,4.53,4.54,4.56,4.51,213043,96550270.0,1.1,-0.22,-0.01,0.84
2025-12-25,600572,4.54,4.53,4.55,4.51,180778,81998120.0,0.88,-0.22,-0.01,0.72
2025-12-26,600572,4.54,4.51,4.54,4.5,240263,108556904.0,0.88,-0.44,-0.02,0.95
2025-12-29,600572,4.5,4.45,4.51,4.44,385148,171615899.0,1.55,-1.33,-0.06,1.52
2025-12-30,600572,4.45,4.45,4.47,4.41,226076,100519216.0,1.35,0.0,0.0,0.89
2025-12-31,600572,4.44,4.46,4.48,4.44,207522,92462119.0,0.9,0.22,0.01,0.82
2026-01-05,600572,4.45,4.49,4.49,4.43,323014,144337850.0,1.35,0.67,0.03,1.28
2026-01-06,600572,4.48,4.5,4.51,4.48,357566,160802089.0,0.67,0.22,0.01,1.41
2026-01-07,600572,4.51,4.49,4.52,4.48,340675,153108902.0,0.89,-0.22,-0.01,1.35
2026-01-08,600572,4.48,4.5,4.51,4.48,228842,102910323.0,0.67,0.22,0.01,0.91
2026-01-09,600572,4.5,4.52,4.52,4.48,311440,140267405.0,0.89,0.44,0.02,1.23
2026-01-12,600572,4.5,4.53,4.53,4.49,333951,150704043.0,0.88,0.22,0.01,1.32
2026-01-13,600572,4.53,4.54,4.59,4.52,557632,253776939.0,1.55,0.22,0.01,2.21
2026-01-14,600572,4.53,4.51,4.57,4.49,534762,242576162.0,1.76,-0.66,-0.03,2.12
2026-01-15,600572,4.5,4.52,4.52,4.48,267493,120403836.0,0.89,0.22,0.01,1.06
2026-01-16,600572,4.53,4.5,4.54,4.47,289320,130152131.0,1.55,-0.44,-0.02,1.14
2026-01-19,600572,4.5,4.52,4.54,4.49,296432,133952929.0,1.11,0.44,0.02,1.17
2026-01-20,600572,4.52,4.58,4.58,4.51,408354,185832466.0,1.55,1.33,0.06,1.62
2026-01-21,600572,4.58,4.55,4.58,4.54,308343,140496560.0,0.87,-0.66,-0.03,1.22
2026-01-22,600572,4.56,4.57,4.59,4.54,291840,133389816.0,1.1,0.44,0.02,1.15
2026-01-23,600572,4.58,4.6,4.64,4.57,398298,183467324.0,1.53,0.66,0.03,1.58
2026-01-26,600572,4.6,4.69,4.71,4.58,779685,362436601.0,2.83,1.96,0.09,3.08
2026-01-27,600572,4.68,4.61,4.68,4.55,487878,224403873.0,2.77,-1.71,-0.08,1.93
2026-01-28,600572,4.6,4.58,4.6,4.54,388502,177689177.0,1.3,-0.65,-0.03,1.54
2026-01-29,600572,4.56,4.57,4.58,4.54,367552,167549709.0,0.87,-0.22,-0.01,1.45
2026-01-30,600572,4.55,4.51,4.59,4.47,450200,203876884.0,2.63,-1.31,-0.06,1.78
2026-02-02,600572,4.52,4.48,4.58,4.46,501536,227428378.0,2.66,-0.67,-0.03,1.98
2026-02-03,600572,4.48,4.48,4.52,4.44,393768,176217814.0,1.79,0.0,0.0,1.56
2026-02-04,600572,4.47,4.5,4.51,4.45,406186,182227861.0,1.34,0.45,0.02,1.61
2026-02-05,600572,4.5,4.54,4.56,4.49,447538,202722457.0,1.56,0.89,0.04,1.77
2026-02-06,600572,4.62,4.54,4.69,4.54,872228,402978088.0,3.3,0.0,0.0,3.45
2026-02-09,600572,4.53,4.54,4.58,4.51,552560,250478133.0,1.54,0.0,0.0,2.18
2026-02-10,600572,4.53,4.52,4.56,4.5,397332,180061426.0,1.32,-0.44,-0.02,1.57
2026-02-11,600572,4.53,4.53,4.55,4.51,281100,127361974.0,0.88,0.22,0.01,1.11
2026-02-12,600572,4.53,4.47,4.53,4.47,418769,187707651.0,1.32,-1.32,-0.06,1.66
2026-02-13,600572,4.48,4.43,4.49,4.42,324999,144794620.0,1.57,-0.89,-0.04,1.28
2026-02-24,600572,4.45,4.46,4.47,4.44,259135,115518978.0,0.68,0.68,0.03,1.02
2026-02-25,600572,4.46,4.47,4.51,4.45,362398,162617872.0,1.35,0.22,0.01,1.43
2026-02-26,600572,4.47,4.48,4.5,4.46,346183,154932182.0,0.89,0.22,0.01,1.37
2026-02-27,600572,4.47,4.48,4.49,4.46,304352,136257649.0,0.67,0.0,0.0,1.2
2026-03-02,600572,4.45,4.45,4.47,4.41,513979,228328078.0,1.34,-0.67,-0.03,2.03
2026-03-03,600572,4.45,4.42,4.48,4.41,589652,261769885.0,1.57,-0.67,-0.03,2.33
2026-03-04,600572,4.4,4.31,4.42,4.3,649167,282329740.0,2.71,-2.49,-0.11,2.57
2026-03-05,600572,4.35,4.32,4.35,4.31,409820,177188023.0,0.93,0.23,0.01,1.62
2026-03-06,600572,4.31,4.36,4.37,4.29,468354,202987928.0,1.85,0.93,0.04,1.85
2026-03-09,600572,4.33,4.35,4.38,4.32,434274,189130629.0,1.38,-0.23,-0.01,1.72
2026-03-10,600572,4.37,4.37,4.38,4.35,325353,142143011.0,0.69,0.46,0.02,1.29
2026-03-11,600572,4.38,4.41,4.42,4.35,295033,129381189.0,1.6,0.92,0.04,1.17
2026-03-12,600572,4.4,4.45,4.46,4.4,413001,183183357.0,1.36,0.91,0.04,1.63
2026-03-13,600572,4.43,4.44,4.46,4.42,412000,183127019.0,0.9,-0.22,-0.01,1.63
2026-03-16,600572,4.43,4.44,4.47,4.42,368944,164085761.0,1.13,0.0,0.0,1.46
2026-03-17,600572,4.45,4.44,4.48,4.43,335338,149492242.0,1.13,0.0,0.0,1.33
2026-03-18,600572,4.44,4.42,4.45,4.39,314286,138760997.0,1.35,-0.45,-0.02,1.24
2026-03-19,600572,4.41,4.39,4.45,4.37,359002,158287794.0,1.81,-0.68,-0.03,1.42
2026-03-20,600572,4.39,4.32,4.42,4.32,298777,130451365.0,2.28,-1.59,-0.07,1.18
2026-03-23,600572,4.28,4.06,4.28,4.04,694830,288056043.0,5.56,-6.02,-0.26,2.75
2026-03-24,600572,4.12,4.2,4.21,4.09,410591,170503084.0,2.96,3.45,0.14,1.62
2026-03-25,600572,4.19,4.24,4.26,4.19,309790,131126290.0,1.67,0.95,0.04,1.22
2026-03-26,600572,4.24,4.28,4.32,4.23,324325,138991465.0,2.12,0.94,0.04,1.28
2026-03-27,600572,4.26,4.34,4.35,4.23,386094,166206669.0,2.8,1.4,0.06,1.53
2026-03-30,600572,4.29,4.4,4.4,4.27,268584,116809369.0,3.0,1.38,0.06,1.06
2026-03-31,600572,4.42,4.4,4.47,4.39,469011,208088260.0,1.81,-0.45,-0.02,1.85
2026-04-01,600572,4.43,4.46,4.47,4.39,446307,198162121.0,1.82,1.36,0.06,1.76
2026-04-02,600572,4.46,4.5,4.52,4.45,513184,230517822.0,1.57,0.9,0.04,2.03
2026-04-03,600572,4.5,4.4,4.5,4.38,409055,181051770.0,2.67,-2.22,-0.1,1.62
2026-04-07,600572,4.39,4.41,4.44,4.3,357070,156466416.0,3.18,0.23,0.01,1.41
2026-04-08,600572,4.43,4.44,4.48,4.4,458469,203035866.0,1.81,0.68,0.03,1.81
2026-04-09,600572,4.39,4.41,4.51,4.39,450326,200133143.0,2.7,-0.68,-0.03,1.78
2026-04-10,600572,4.42,4.42,4.45,4.38,302911,133838854.0,1.59,0.23,0.01,1.2
2026-04-13,600572,4.4,4.35,4.4,4.33,340895,148538830.0,1.58,-1.58,-0.07,1.35
2026-04-14,600572,4.37,4.36,4.37,4.31,231945,100511829.0,1.38,0.23,0.01,0.92
2026-04-15,600572,4.37,4.8,4.8,4.35,2074866,966306007.0,10.32,10.09,0.44,8.2
2026-04-16,600572,5.08,4.94,5.17,4.79,3817246,1884905098.0,7.92,2.92,0.14,15.09
2026-04-17,600572,4.78,4.68,4.81,4.62,2119589,993180683.0,3.85,-5.26,-0.26,8.38
